#Insert size (bp)	insert size
35.0	1.0
37.0	2.0
38.0	1.0
40.0	1.0
41.0	1.0
43.0	1.0
46.0	2.0
48.0	1.0
50.0	2.0
53.0	1.0
54.0	1.0
55.0	1.0
56.0	1.0
58.0	1.0
60.0	2.0
61.0	3.0
62.0	3.0
63.0	1.0
65.0	1.0
66.0	4.0
67.0	2.0
69.0	6.0
70.0	3.0
71.0	1.0
72.0	1.0
73.0	1.0
74.0	4.0
75.0	4.0
76.0	2.0
77.0	3.0
78.0	2.0
79.0	4.0
80.0	6.0
81.0	5.0
82.0	2.0
83.0	5.0
84.0	3.0
85.0	2.0
86.0	5.0
87.0	4.0
88.0	5.0
89.0	8.0
90.0	11.0
91.0	14.0
92.0	12.0
93.0	16.0
94.0	20.0
95.0	13.0
96.0	18.0
97.0	11.0
98.0	8.0
99.0	18.0
100.0	11.0
101.0	17.0
102.0	15.0
103.0	15.0
104.0	15.0
105.0	14.0
106.0	15.0
107.0	13.0
108.0	28.0
109.0	14.0
110.0	21.0
111.0	16.0
112.0	11.0
113.0	13.0
114.0	27.0
115.0	22.0
116.0	19.0
117.0	14.0
118.0	17.0
119.0	21.0
120.0	20.0
121.0	23.0
122.0	21.0
123.0	24.0
124.0	14.0
125.0	28.0
126.0	23.0
127.0	28.0
128.0	20.0
129.0	19.0
130.0	22.0
131.0	20.0
132.0	19.0
133.0	19.0
134.0	24.0
135.0	26.0
136.0	35.0
137.0	30.0
138.0	23.0
139.0	33.0
140.0	44.0
141.0	33.0
142.0	48.0
143.0	35.0
144.0	51.0
145.0	29.0
146.0	41.0
147.0	47.0
148.0	47.0
149.0	46.0
150.0	57.0
151.0	53.0
152.0	57.0
153.0	72.0
154.0	68.0
155.0	60.0
156.0	84.0
157.0	71.0
158.0	79.0
159.0	76.0
160.0	131.0
161.0	99.0
162.0	117.0
163.0	135.0
164.0	117.0
165.0	143.0
166.0	161.0
167.0	192.0
168.0	205.0
169.0	193.0
170.0	224.0
171.0	260.0
172.0	236.0
173.0	274.0
174.0	302.0
175.0	297.0
176.0	327.0
177.0	333.0
178.0	323.0
179.0	328.0
180.0	374.0
181.0	369.0
182.0	386.0
183.0	353.0
184.0	342.0
185.0	342.0
186.0	349.0
187.0	338.0
188.0	326.0
189.0	347.0
190.0	366.0
191.0	370.0
192.0	359.0
193.0	324.0
194.0	336.0
195.0	310.0
196.0	340.0
197.0	314.0
198.0	326.0
199.0	296.0
200.0	305.0
201.0	309.0
202.0	299.0
203.0	287.0
204.0	293.0
205.0	293.0
206.0	292.0
207.0	259.0
208.0	263.0
209.0	285.0
210.0	249.0
211.0	217.0
212.0	202.0
213.0	226.0
214.0	206.0
215.0	174.0
216.0	160.0
217.0	138.0
218.0	131.0
219.0	133.0
220.0	138.0
221.0	114.0
222.0	93.0
223.0	74.0
224.0	65.0
225.0	72.0
226.0	48.0
227.0	49.0
228.0	39.0
229.0	35.0
230.0	33.0
231.0	34.0
232.0	23.0
233.0	9.0
234.0	19.0
235.0	7.0
236.0	6.0
237.0	10.0
238.0	8.0
239.0	5.0
240.0	1.0
241.0	3.0
242.0	4.0
243.0	4.0
244.0	3.0
245.0	2.0
246.0	3.0
247.0	4.0
248.0	2.0
249.0	1.0
250.0	6.0
252.0	2.0
253.0	1.0
254.0	1.0
256.0	2.0
257.0	5.0
258.0	3.0
259.0	2.0
260.0	2.0
261.0	1.0
262.0	1.0
263.0	4.0
264.0	3.0
265.0	2.0
266.0	2.0
267.0	2.0
268.0	1.0
269.0	1.0
270.0	2.0
271.0	2.0
273.0	2.0
275.0	1.0
277.0	2.0
279.0	2.0
281.0	1.0
284.0	1.0
295.0	1.0
