# Position (bp)	A	C	G	T	N
0.0	31.511513072405013	23.467955714954	16.162482457508187	28.74109880970944	0.1169499454233588
1.0	32.28593668915413	18.030617540217957	23.56512714063311	26.087182148417227	0.031136481577581736
2.0	29.979312128264805	19.42849754331523	19.806051202482543	30.749935350400825	0.036203775536591674
3.0	29.859858828378588	20.822814158380133	19.480653305167706	29.81348858776856	0.02318512030501314
4.0	29.068724205993178	20.835149060521392	19.571402937632975	30.52216041629284	0.0025633795596113917
5.0	30.08389218961165	20.970497488334143	19.97093097381238	28.974679348241832	0.0
6.0	30.325846412128303	19.433775087121308	21.188919695774935	29.051458804975454	0.0
7.0	29.926414615579798	18.741436183709716	19.649835067241817	31.682314133468665	0.0
8.0	29.526243862934653	19.67403958090803	19.27671205142481	31.523004504732498	0.0
9.0	28.94212583532972	21.417223553145885	20.50182826881856	29.13882234270584	0.0
10.0	29.836724441095203	20.82893745290128	20.374277819643304	28.96006028636021	0.0
11.0	30.546019495326632	19.775979151527302	20.74573383115744	28.932267521988624	0.0
12.0	29.92972716132743	19.353789981744065	19.861454972866184	30.85502788406232	0.0
13.0	30.188632167273816	19.721542991167222	19.66165976346125	30.428165078097706	0.0
14.0	29.13285877843596	21.215590621733288	19.87654935536861	29.775001244462146	0.0
15.0	29.705575691375802	20.900153914899956	20.162851894146268	29.231418499577977	0.0
16.0	29.873637264618434	19.774529236868187	21.293359762140735	29.058473736372648	0.0
17.0	29.55388495969138	19.597902962559967	19.94411197388595	30.904100103862703	0.0
18.0	29.9943225296833	20.66599195280294	19.13554343264792	30.204142084865836	0.0
19.0	28.89901477832512	21.4384236453202	20.133004926108374	29.52955665024631	0.0
20.0	29.303182991274422	21.128179918889025	20.604645446724838	28.963991643111715	0.0
21.0	29.811820702176206	20.34888000196276	21.03829828994823	28.801001005912802	0.0
22.0	29.656658666797277	19.60376157123965	20.047019640495662	30.690111181858253	0.0024489396091492387
23.0	29.88699735837981	19.99315135505332	19.638489384600334	30.466686234223655	0.0146756677428823
24.0	28.515949391822577	21.379023985149722	20.604757950271114	29.48561379512481	0.014654877631771774
25.0	29.69657056441778	21.13273818235036	20.044880238060394	29.113615298307234	0.01219571686423728
26.0	29.84143994933872	19.930827873444237	21.311834766300507	28.91589741091653	0.0
27.0	29.611792177466434	19.437147304923137	20.18632029577739	30.764740221833044	0.0
28.0	29.81028493696407	20.037894430004616	19.935870964607574	30.18194184662472	0.03400782179901377
29.0	28.722552468761375	21.41695984471673	20.570180759432247	29.249059808322215	0.041247118767439035
30.0	29.448150394178292	20.890236506973924	20.63796240145543	28.982413583990297	0.041237113402061855
31.0	30.00752007374524	20.027654464740557	21.354583606239235	28.573854401668967	0.036387453605996656
32.0	29.557474889611335	19.5836770343054	20.556552962298024	30.26590324615459	0.03639186763064681
33.0	29.738252917060866	20.102855202192952	19.855420517672172	30.276787230429612	0.026684132644397545
34.0	28.796217723360407	21.37228755000606	20.6837192386956	29.113831979633897	0.033943508304036855
35.0	29.431592220767257	21.322566564818857	20.830302148503808	28.38158979581939	0.033949270090693054
36.0	29.870476375278937	20.490928495197437	21.005142136412147	28.597069952459492	0.03638304065198409
37.0	29.405911760423237	19.502014269766537	20.392661262922875	30.663010241227006	0.03640246566034073
38.0	29.660544003105816	20.381918326741562	19.775313614636158	30.15068061048698	0.03154344502948098
39.0	28.534342625615643	21.639129485406507	20.850619889851274	28.9467937986753	0.029114200451270108
40.0	29.29327249781575	21.204252014367537	20.779535967381808	28.710804776235317	0.012134744199592273
41.0	29.92982541339873	20.042250443144017	21.222349027511353	28.778865065682442	0.026710050263458223
42.0	29.277834475385138	19.59712300140934	20.384409777907372	30.718763668173203	0.02186907712494533
43.0	29.13072006610124	20.549709591970643	20.085542783542735	30.21944640209969	0.014581156285693456
44.0	28.559972783825817	21.78508942457232	20.076788491446347	29.556279160186627	0.0218701399688958
45.0	28.96744412050534	21.571914480077744	20.85519922254616	28.57142857142857	0.03401360544217687
46.0	30.038401711063585	20.14388489208633	20.941084969861947	28.849893058526156	0.026735368461987166
47.0	29.226019738441344	19.54397394136808	20.70591667071807	30.49491953911226	0.029170110360250863
48.0	29.218237082066867	20.58601823708207	20.009726443768997	30.166565349544072	0.019452887537993922
49.0	28.958318125410614	21.125629608000583	20.699807771856825	29.208944691826655	0.007299802905321556
50.0	29.37452827891802	21.09901882014949	20.804421396050934	28.71959681542619	0.0024346894553599688
51.0	29.859909855037152	19.77341941771227	21.498355463515654	28.858569862346208	0.009745401388719698
52.0	30.019992198166566	19.472888628827775	20.69923932124049	29.793251414082313	0.014628437682855471
53.0	29.418221734357846	20.26588608366874	19.87315526283693	30.440297597267957	0.002439321868520551
54.0	28.606989457243266	21.79568527918782	20.560816087465835	29.034068723155016	0.0024404529480671613
55.0	29.35013554106528	21.137079639534033	20.95147385644858	28.553984418882944	0.007326544069162576
56.0	29.6265519601134	20.436992863427513	21.35839280477075	28.565842213315086	0.01222015837325252
57.0	29.5691953910512	19.580693299410427	20.387993248036793	30.444993517136776	0.017124544364801722
58.0	29.470798453027857	20.548783472854556	20.387232584324668	29.57849904538111	0.0146864444118079
59.0	28.51333806922568	21.68630428924871	20.478651740440437	29.30455870465179	0.017147196433383142
60.0	29.428494373207148	21.077794395273003	20.793390050751466	28.680707088042755	0.01961409272562336
61.0	29.445248668940305	20.224746669283807	21.650268665505312	28.65765389994357	0.02208209632701131
62.0	29.514639418353312	19.701807820789938	20.505010807624288	30.246610336018865	0.031931617213597954
63.0	29.22596661996411	20.79246859867758	20.330359118059143	29.60204508025465	0.049160583044514906
64.0	28.352037802717074	21.51506202008269	20.66597755463674	29.400472533963377	0.06645008860011813
65.0	28.835398753356824	21.44176993766784	20.944098154672446	28.707285225060975	0.07144792924191283
66.0	29.34313411114674	20.48543449840902	21.733553686391556	28.361411903998423	0.07646580005426605
67.0	29.575203754013334	19.745616201531245	20.75821190417387	29.829587552482096	0.09138058779945665
68.0	29.719908036884128	20.355491829621023	20.140416800573533	29.68529826209488	0.09888507082643197
69.0	28.40459224069675	21.47416864608076	20.979315122723673	29.042953285827394	0.09897070467141725
70.0	29.147770921616733	21.05419671399896	20.905508884097838	28.830570217827674	0.061953262458801076
71.0	29.67796357862353	20.371656825286557	21.498039994045552	28.39031409715675	0.062025504887609786
72.0	29.209408608827403	19.4977770050421	20.88373363801197	30.359404883137525	0.049675864980998984
73.0	29.592141258393433	20.437702064163144	20.226311862720717	29.696592887341456	0.04725192738124845
74.0	28.27862728495293	21.4798027593764	20.593216117945907	29.60103601135628	0.04731782636848134
75.0	28.515108416298624	21.658307757566682	21.179229982284102	28.594954712179053	0.052399131671532304
76.0	29.63666350142436	20.173421960117945	21.56029786596032	28.584636913388977	0.04497975910840122
77.0	29.34388064185045	19.761183568227903	20.707437354494708	30.147445365108773	0.040053070318171576
78.0	29.183279420246244	20.419268286566865	20.48948067905414	29.860327490659245	0.047644123473507355
79.0	28.402723686524787	21.407573054599364	21.07841905575517	29.053493806377045	0.05779039674363677
80.0	29.12909887674407	21.44764015514028	20.850753034805823	28.524656223240818	0.0478517100690072
81.0	29.861023532675862	20.246172472065982	21.464423537720382	28.385502055641034	0.04287840189673872
82.0	29.341862405501757	19.50393163257566	20.64675987964906	30.456878460721597	0.0505676215519203
83.0	29.292954891028888	20.585402939685757	20.380131779016725	29.69336036492651	0.048150025342118596
84.0	28.477426894641905	21.523843398287646	20.583826630420976	29.356469601890193	0.05843347475927949
85.0	29.313992913044583	21.095164045172968	21.08496698702424	28.429398118642773	0.0764779361154307
86.0	29.65025675088777	20.478757376797894	21.444447283039114	28.332013386812456	0.09452520246276473
87.0	29.71899894976818	19.83913522375061	20.540997464074387	29.80096826250672	0.0999000999000999
88.0	29.633432590615055	20.25618646678304	20.564226306602322	29.446041688058322	0.10011294794126707
89.0	28.487968086475355	21.479861021747524	20.630549478831554	29.303821901943124	0.09779951100244498
90.0	29.380951152168866	21.48994916522592	20.966118752096612	28.059763115113668	0.10321781539493716
91.0	29.894131959723552	20.350477570988534	21.62400020707685	28.014909533300546	0.11648072891051692
92.0	29.583279241853823	19.74295728936778	20.636115799039334	29.946773984162018	0.0908736855770479
93.0	29.053103340455472	20.457032674970037	20.571681692636407	29.855646464120067	0.06253582781802074
94.0	28.159958180867743	21.346053319393622	20.857292211186618	29.57919498170413	0.057501306847882905
95.0	29.12177432070216	21.424817364797395	21.343354180900825	28.04961370683765	0.06044042676196983
96.0	29.405393982618804	20.553662466650817	21.504609451356423	28.475579153128876	0.06075494624508017
97.0	29.09630729263314	19.852609813641546	20.99779975081515	29.971105161307428	0.08217798160273573
98.0	29.233141884705383	20.508934269304405	20.43448202510104	29.746330567964264	0.0771112529249096
99.0	28.436435264054516	21.720613287904598	20.706452299829643	29.056643952299833	0.07985519591141396
