#Insert size (bp)	insert size
30.0	2.0
33.0	1.0
35.0	1.0
36.0	1.0
37.0	1.0
38.0	1.0
39.0	1.0
40.0	2.0
42.0	1.0
43.0	1.0
44.0	3.0
46.0	3.0
48.0	3.0
49.0	2.0
50.0	2.0
52.0	3.0
53.0	2.0
54.0	4.0
55.0	1.0
56.0	4.0
58.0	2.0
59.0	1.0
60.0	3.0
61.0	2.0
62.0	1.0
63.0	2.0
64.0	3.0
65.0	8.0
66.0	1.0
67.0	2.0
68.0	3.0
69.0	1.0
70.0	5.0
71.0	6.0
72.0	1.0
73.0	4.0
74.0	5.0
75.0	5.0
76.0	4.0
77.0	3.0
78.0	5.0
79.0	2.0
80.0	6.0
81.0	6.0
82.0	7.0
83.0	3.0
84.0	11.0
85.0	4.0
86.0	9.0
87.0	6.0
88.0	4.0
89.0	10.0
90.0	6.0
91.0	19.0
92.0	18.0
93.0	18.0
94.0	18.0
95.0	10.0
96.0	26.0
97.0	22.0
98.0	13.0
99.0	21.0
100.0	10.0
101.0	15.0
102.0	18.0
103.0	19.0
104.0	23.0
105.0	21.0
106.0	15.0
107.0	22.0
108.0	22.0
109.0	16.0
110.0	25.0
111.0	24.0
112.0	19.0
113.0	19.0
114.0	33.0
115.0	28.0
116.0	15.0
117.0	26.0
118.0	25.0
119.0	20.0
120.0	28.0
121.0	33.0
122.0	38.0
123.0	36.0
124.0	31.0
125.0	20.0
126.0	27.0
127.0	32.0
128.0	26.0
129.0	30.0
130.0	36.0
131.0	34.0
132.0	32.0
133.0	32.0
134.0	25.0
135.0	26.0
136.0	37.0
137.0	45.0
138.0	53.0
139.0	39.0
140.0	50.0
141.0	39.0
142.0	40.0
143.0	48.0
144.0	44.0
145.0	61.0
146.0	53.0
147.0	52.0
148.0	58.0
149.0	72.0
150.0	60.0
151.0	96.0
152.0	66.0
153.0	75.0
154.0	82.0
155.0	83.0
156.0	92.0
157.0	106.0
158.0	98.0
159.0	95.0
160.0	101.0
161.0	132.0
162.0	161.0
163.0	161.0
164.0	162.0
165.0	195.0
166.0	187.0
167.0	212.0
168.0	249.0
169.0	274.0
170.0	238.0
171.0	266.0
172.0	304.0
173.0	344.0
174.0	353.0
175.0	328.0
176.0	386.0
177.0	403.0
178.0	393.0
179.0	381.0
180.0	407.0
181.0	456.0
182.0	445.0
183.0	418.0
184.0	422.0
185.0	428.0
186.0	429.0
187.0	377.0
188.0	442.0
189.0	394.0
190.0	373.0
191.0	400.0
192.0	391.0
193.0	429.0
194.0	372.0
195.0	366.0
196.0	376.0
197.0	356.0
198.0	335.0
199.0	314.0
200.0	310.0
201.0	305.0
202.0	262.0
203.0	303.0
204.0	258.0
205.0	253.0
206.0	232.0
207.0	197.0
208.0	191.0
209.0	179.0
210.0	166.0
211.0	142.0
212.0	159.0
213.0	130.0
214.0	94.0
215.0	94.0
216.0	45.0
217.0	61.0
218.0	48.0
219.0	36.0
220.0	37.0
221.0	44.0
222.0	27.0
223.0	19.0
224.0	16.0
225.0	16.0
226.0	13.0
227.0	12.0
228.0	11.0
229.0	7.0
230.0	6.0
231.0	5.0
232.0	5.0
233.0	3.0
234.0	3.0
236.0	3.0
237.0	3.0
238.0	1.0
239.0	3.0
240.0	1.0
241.0	2.0
242.0	2.0
244.0	3.0
245.0	1.0
246.0	2.0
248.0	2.0
249.0	2.0
250.0	3.0
251.0	1.0
252.0	1.0
253.0	1.0
254.0	1.0
255.0	1.0
256.0	3.0
257.0	1.0
258.0	3.0
260.0	3.0
261.0	1.0
262.0	2.0
264.0	2.0
265.0	2.0
267.0	1.0
270.0	1.0
271.0	1.0
296.0	1.0
322.0	1.0
326.0	1.0
381.0	1.0
