# Position (bp)	A	C	G	T	N
0.0	29.68205128205128	21.202564102564104	15.079487179487181	33.743589743589745	0.2923076923076923
1.0	32.53974349128331	17.53065560760822	23.940813557586463	25.988787343522002	0.0
2.0	29.687938557321836	19.032430915261155	21.305912071649104	29.971166849531784	0.0025516062361256413
3.0	30.45422213189716	20.17071435829692	19.850624936490195	29.52189818107916	0.002540392236561325
4.0	29.499241274658573	20.09863429438543	19.782498735457764	30.617096611026806	0.0025290844714213456
5.0	30.153815170052617	20.46673211993052	20.320720992875664	29.0587317171412	0.0
6.0	29.742006725894694	19.894092255182453	21.46514079204939	28.878682929277723	0.02007729759574361
7.0	30.532689468811768	19.350964545750244	19.573648259814348	30.53519153301474	0.0075061926089023435
8.0	30.693266832917704	19.60847880299252	19.16708229426434	30.52369077306733	0.007481296758104738
9.0	29.299331394626304	20.85601372008053	19.956254815698557	29.885914547759302	0.002485521835309323
10.0	30.305432386236962	20.46619931135277	19.685897594688996	29.535039262800666	0.007431444920607397
11.0	30.49244295169416	19.685369949619677	20.749777733873355	29.072409364812803	0.0
12.0	30.140699307591852	19.47613532760023	19.55252199196708	30.830643372840843	0.0
13.0	29.251683956930037	18.808692659422785	19.2216923152564	27.525935395053835	5.191995673336939
14.0	29.38970588235294	20.66421568627451	19.519607843137255	30.426470588235293	0.0
15.0	29.961878696055912	20.499975563266702	19.96481110405161	29.573334636625777	0.0
16.0	30.26735882625332	19.880090663157123	20.757476054690354	29.0902000926129	0.004874363286295727
17.0	29.87158283879755	19.826831403833058	19.863313551901935	30.42854363264909	0.009728572818367545
18.0	30.683914183089023	19.76992524997573	19.39374817978837	30.14027764294729	0.012134744199592273
19.0	29.088046505994914	20.825965847159985	20.19135279157079	29.88979048080417	0.004844374470146542
20.0	29.49409006308767	20.635227574871287	20.00435087380049	29.85182857557226	0.014502912668294215
21.0	30.140654780573715	20.367198243624696	20.866607155781804	28.62312721657941	0.002412603440372506
22.0	29.841002168152254	19.78318477475307	20.02168152252469	30.34449530233679	0.009636232233196821
23.0	30.24587403166049	20.12221527209739	19.710821344367993	29.91146610210268	0.009623249771447817
24.0	28.905705705705703	21.052252252252252	19.98798798798799	30.03003003003003	0.024024024024024024
25.0	29.747427502338635	20.520016310474684	20.448058333932984	29.26530905950925	0.019188793744453238
26.0	29.954491017964074	19.932934131736527	21.01317365269461	29.094610778443116	0.004790419161676647
27.0	29.5345833731943	19.845977231416818	20.178417679135176	30.433846742561943	0.007174973691763131
28.0	29.854844100654155	19.894475481067662	19.999522513488994	30.24638303967913	0.004774865110060641
29.0	29.2523007963378	21.060035286824665	19.617567116494207	30.067712555433694	0.002384244909637118
30.0	29.50377947874192	20.614254715406442	20.43541502730286	29.446550778548776	0.0
31.0	29.693272003622585	20.07197502323697	21.71405419576253	28.520698777377916	0.0
32.0	30.00619224540345	19.946175097646947	20.17719348385253	29.870439173097076	0.0
33.0	30.228847665087038	20.07715571642893	19.869978329721622	29.82401828876241	0.0
34.0	29.019514516896717	20.79485959067111	20.39504997620181	29.790575916230367	0.0
35.0	29.227656789241934	20.76639295489706	20.430798524336545	29.575151731524457	0.0
36.0	29.704384252868092	20.07426096063217	21.304803160851147	28.91179130765935	0.004760317989241681
37.0	29.456146614304412	19.76913007259312	20.5807449720338	30.186838034035464	0.007140307033202428
38.0	29.878135859475414	20.54791260056172	19.9290712619603	29.599657257104774	0.04522302089779597
39.0	29.144855810412107	21.090701437137145	20.26268202150947	29.44227657751975	0.0594841534215285
40.0	29.531495500642762	20.644669809074895	20.65419225824882	29.155358758272627	0.014283673760891302
41.0	29.797775289998334	20.334421075197103	21.289569587690256	28.485339304004004	0.09289474311030656
42.0	29.81327998475755	19.669905687339238	20.339144517481188	30.172906544727063	0.004763265694960465
43.0	30.28180757045189	20.388765811477167	19.52166559470211	29.800614593010792	0.00714643035803616
44.0	28.7841250178665	21.277812187336224	20.25584830149126	29.660774691505075	0.02143980180094335
45.0	29.26457270864115	20.723511748725038	20.66393403555598	29.259806491587625	0.08817501549020543
46.0	29.412606083722704	20.141603890531133	21.395537331934776	29.040717078287404	0.009535615523982072
47.0	29.366479168652877	20.140146820478595	20.614453236724188	29.852702831537805	0.026217942606540184
48.0	29.863875843326106	20.518749851002454	19.891768183660332	29.72322216129878	0.0023839607123274605
49.0	28.760819285152245	20.95901189823315	20.46782231335988	29.80757767233363	0.004768830921099692
50.0	29.33908936961862	20.850525914088774	20.03243733155246	29.744556014024376	0.033391370715767886
51.0	29.839209885967843	20.40889355408178	21.191373634238275	28.546209265709244	0.014313660002862732
52.0	29.750566893424036	19.672992003819072	20.649242153001552	29.85797827903091	0.06922067072443013
53.0	29.854061671483507	20.292832063438983	20.008598657654	29.81345689922851	0.031050708194998448
54.0	28.78856678536434	21.22457758764907	20.299691704705687	29.60351791219559	0.08364601008531894
55.0	29.190378269810147	20.874181053034288	20.71636937497011	29.176031753622496	0.043039548562957296
56.0	29.524356397741407	20.387118384534407	21.444635850320605	28.543401282419374	0.10048808498420903
57.0	29.32008618625808	19.99281781182667	20.205889394302133	30.47641848216423	0.004788125448886761
58.0	29.881422924901184	20.280273086597198	20.17726673853156	29.653850760570126	0.007186489399928136
59.0	28.52485737571312	21.156335394793615	20.477971139556068	29.82405676206913	0.016779327868066542
60.0	29.166466721051876	21.26301645952301	20.33686837180287	29.23124910024473	0.0023993473775133166
61.0	29.66093554893862	20.315051387955048	21.052252425319374	28.942944962059357	0.028815675727595812
62.0	29.46293403820738	19.923104649765712	20.21626817253394	30.371260362849934	0.026432776643037368
63.0	29.871566693924674	20.147674250805714	19.553610082255037	30.427148973014575	0.0
64.0	28.89188408587658	21.081640512178684	20.29700587272552	29.727062674496967	0.002406854722248965
65.0	29.141259550263914	21.059988913258294	20.594827793979416	29.201513581258588	0.0024101612397869417
66.0	29.843399367806384	20.34601742151871	21.19537678256883	28.605554617185046	0.009651810921024058
67.0	29.074655713940565	19.971007489731818	20.71031650157043	30.21019569944431	0.03382459531287751
68.0	30.273787065254197	20.410680597881296	19.651235911575483	29.6546219706864	0.009674454602621778
69.0	28.863807009470293	21.239130961319542	20.454380313415847	29.377285828469006	0.06539588732530821
70.0	28.954066173797116	21.071385286631923	20.63265058780754	29.315234517028237	0.02666343473518361
71.0	29.637179953889092	20.475670428346074	21.3784734862274	28.484407232132025	0.024268899405411964
72.0	29.577327856500496	19.981527841917217	20.360693192037527	30.065867826847825	0.01458328269693508
73.0	29.677121097836928	20.487116474853405	20.1391761356724	29.679554247061972	0.017032044575293802
74.0	28.804308097175856	20.95323960135481	20.390360388898365	29.835034966738956	0.01705694583201345
75.0	29.019655719692345	20.964473202295203	20.61042607740203	29.40056159199121	0.004883408619216214
76.0	29.56640825609547	20.28563742632853	21.268738842288034	28.86454231982588	0.014673155462082121
77.0	29.385244897459145	20.221498052091246	20.640482199299242	29.742974052385268	0.009800798765099355
78.0	29.74167567036637	20.46704645909046	20.184657695707692	29.599253511442885	0.007366663392594047
79.0	28.875821174618014	21.122948601235144	20.323302905789433	29.66316462859533	0.014762689762074649
80.0	28.9232969254666	21.270248280283045	20.86096797258315	28.938090189600334	0.007396632066865555
81.0	29.4632265717675	20.48981810992487	21.44622380387505	28.571075523922502	0.02965599051008304
82.0	29.727587914809313	19.737493808816247	20.25260029717682	30.26745913818722	0.014858841010401188
83.0	29.753870583564908	20.643112346169115	20.25853513298928	29.252679634775703	0.09180230250099246
84.0	28.923214685471233	21.528244160883517	20.29450538517026	29.21423774345198	0.039798025023008235
85.0	28.963315793411308	20.888301453901594	20.89827676500661	29.220180054365446	0.029925933315045262
86.0	29.675498511346294	20.195651630013263	21.34153969326228	28.754784958342718	0.032525207035452475
87.0	29.486279034766465	19.783775648422214	20.711884814127327	29.967892439672905	0.05016806301108714
88.0	29.771875550189897	20.568927789934357	20.18159410447949	29.43736009456978	0.04024246082647954
89.0	28.824375110348825	21.116351804676267	20.503442883446414	29.452417585189295	0.1034126163391934
90.0	28.70166375446327	20.96279976702373	21.129934918584922	29.187875104459472	0.017726455468611513
91.0	29.31551399969511	20.67686366177143	21.273946846892628	28.698104578484678	0.035570913156156306
92.0	29.570070593032444	19.85779454114529	20.507658197201764	30.021152424883407	0.04332424373709829
93.0	29.9723898149095	20.255138562225174	20.344616013907352	29.397177625524083	0.030677983433888945
94.0	28.631854187495193	21.079750826732294	20.541413519956933	29.729036888923073	0.017944576892511985
95.0	29.22783701643229	20.857157574821	21.052902694070983	28.823468809560605	0.038633905115129034
96.0	29.298077669400534	20.40568161237743	21.650151354428086	28.602106025717315	0.0439833380766345
97.0	29.382247413031042	20.076959076491082	20.781550621392544	29.74364307628308	0.015599812802246375
98.0	29.87572450524777	20.004177327554697	20.727377160461593	29.3822776878492	0.010443318886742206
99.0	28.796318087916113	21.333124133783112	20.744750398786643	29.104887424492038	0.0209199550220967
