#Coverage	Number of genomic locations
0.0	5.334378E7
1.0	1466933.0
2.0	940308.0
3.0	573918.0
4.0	313679.0
5.0	162501.0
6.0	80933.0
7.0	45530.0
8.0	28796.0
9.0	20532.0
10.0	16842.0
11.0	13962.0
12.0	12743.0
13.0	11119.0
14.0	10118.0
15.0	9408.0
16.0	8686.0
17.0	7804.0
18.0	6933.0
19.0	6693.0
20.0	6294.0
21.0	5893.0
22.0	6018.0
23.0	5270.0
24.0	4895.0
25.0	4605.0
26.0	4370.0
27.0	4286.0
28.0	4176.0
29.0	3851.0
30.0	3505.0
31.0	3169.0
32.0	3273.0
33.0	2895.0
34.0	2532.0
35.0	2574.0
36.0	2380.0
37.0	2516.0
38.0	2280.0
39.0	2110.0
40.0	2212.0
41.0	1859.0
42.0	1712.0
43.0	1665.0
44.0	1646.0
45.0	1639.0
46.0	1585.0
47.0	1529.0
48.0	1362.0
49.0	1290.0
50.0	1306.0
51.0	1201.0
52.0	1114.0
53.0	1051.0
54.0	1138.0
55.0	928.0
56.0	857.0
57.0	808.0
58.0	843.0
59.0	763.0
60.0	806.0
61.0	711.0
62.0	602.0
63.0	780.0
64.0	643.0
65.0	662.0
66.0	613.0
67.0	643.0
68.0	616.0
69.0	617.0
70.0	541.0
71.0	557.0
72.0	535.0
73.0	446.0
74.0	444.0
75.0	524.0
76.0	433.0
77.0	492.0
78.0	420.0
79.0	493.0
80.0	512.0
81.0	477.0
82.0	440.0
83.0	407.0
84.0	468.0
85.0	342.0
86.0	401.0
87.0	364.0
88.0	374.0
89.0	378.0
90.0	387.0
91.0	371.0
92.0	359.0
93.0	328.0
94.0	341.0
95.0	328.0
96.0	336.0
97.0	299.0
98.0	342.0
99.0	260.0
100.0	254.0
101.0	276.0
102.0	321.0
103.0	297.0
104.0	281.0
105.0	298.0
106.0	305.0
107.0	318.0
108.0	248.0
109.0	249.0
110.0	261.0
111.0	244.0
112.0	259.0
113.0	214.0
114.0	234.0
115.0	201.0
116.0	202.0
117.0	209.0
118.0	200.0
119.0	223.0
120.0	173.0
121.0	158.0
122.0	198.0
123.0	155.0
124.0	176.0
125.0	164.0
126.0	163.0
127.0	189.0
128.0	167.0
129.0	172.0
130.0	131.0
131.0	148.0
132.0	154.0
133.0	152.0
134.0	137.0
135.0	108.0
136.0	129.0
137.0	136.0
138.0	155.0
139.0	152.0
140.0	135.0
141.0	179.0
142.0	131.0
143.0	140.0
144.0	141.0
145.0	124.0
146.0	105.0
147.0	135.0
148.0	112.0
149.0	107.0
150.0	89.0
151.0	94.0
152.0	103.0
153.0	80.0
154.0	103.0
155.0	81.0
156.0	94.0
157.0	84.0
158.0	91.0
159.0	94.0
160.0	113.0
161.0	110.0
162.0	106.0
163.0	114.0
164.0	89.0
165.0	96.0
166.0	102.0
167.0	95.0
168.0	90.0
169.0	83.0
170.0	106.0
171.0	72.0
172.0	75.0
173.0	96.0
174.0	100.0
175.0	148.0
176.0	99.0
177.0	90.0
178.0	80.0
179.0	67.0
180.0	105.0
181.0	74.0
182.0	99.0
183.0	80.0
184.0	68.0
185.0	74.0
186.0	77.0
187.0	74.0
188.0	71.0
189.0	61.0
190.0	62.0
191.0	45.0
192.0	75.0
193.0	62.0
194.0	57.0
195.0	58.0
196.0	95.0
197.0	60.0
198.0	61.0
199.0	47.0
200.0	55.0
201.0	57.0
202.0	55.0
203.0	67.0
204.0	62.0
205.0	58.0
206.0	47.0
207.0	51.0
208.0	71.0
209.0	34.0
210.0	45.0
211.0	41.0
212.0	50.0
213.0	53.0
214.0	37.0
215.0	24.0
216.0	43.0
217.0	37.0
218.0	35.0
219.0	51.0
220.0	39.0
221.0	43.0
222.0	52.0
223.0	53.0
224.0	46.0
225.0	40.0
226.0	36.0
227.0	28.0
228.0	31.0
229.0	43.0
230.0	31.0
231.0	43.0
232.0	37.0
233.0	40.0
234.0	50.0
235.0	40.0
236.0	33.0
237.0	28.0
238.0	41.0
239.0	35.0
240.0	35.0
241.0	31.0
242.0	36.0
243.0	33.0
244.0	51.0
245.0	24.0
246.0	27.0
247.0	19.0
248.0	31.0
249.0	21.0
250.0	21.0
251.0	30.0
252.0	32.0
253.0	36.0
254.0	37.0
255.0	31.0
256.0	19.0
257.0	26.0
258.0	25.0
259.0	33.0
260.0	47.0
261.0	29.0
262.0	27.0
263.0	29.0
264.0	36.0
265.0	36.0
266.0	45.0
267.0	54.0
268.0	39.0
269.0	79.0
270.0	34.0
271.0	41.0
272.0	53.0
273.0	35.0
274.0	30.0
275.0	36.0
276.0	35.0
277.0	41.0
278.0	28.0
279.0	26.0
280.0	26.0
281.0	21.0
282.0	18.0
283.0	27.0
284.0	19.0
285.0	26.0
286.0	21.0
287.0	27.0
288.0	27.0
289.0	27.0
290.0	37.0
291.0	24.0
292.0	36.0
293.0	31.0
294.0	26.0
295.0	41.0
296.0	36.0
297.0	16.0
298.0	27.0
299.0	26.0
300.0	22.0
301.0	28.0
302.0	32.0
303.0	27.0
304.0	29.0
305.0	26.0
306.0	29.0
307.0	34.0
308.0	28.0
309.0	17.0
310.0	15.0
311.0	15.0
312.0	20.0
313.0	16.0
314.0	16.0
315.0	15.0
316.0	25.0
317.0	17.0
318.0	17.0
319.0	16.0
320.0	15.0
321.0	20.0
322.0	13.0
323.0	20.0
324.0	17.0
325.0	14.0
326.0	16.0
327.0	29.0
328.0	22.0
329.0	17.0
330.0	25.0
331.0	20.0
332.0	27.0
333.0	35.0
334.0	24.0
335.0	30.0
336.0	23.0
337.0	23.0
338.0	13.0
339.0	15.0
340.0	15.0
341.0	24.0
342.0	13.0
343.0	26.0
344.0	31.0
345.0	30.0
346.0	21.0
347.0	32.0
348.0	20.0
349.0	20.0
350.0	32.0
351.0	15.0
352.0	36.0
353.0	19.0
354.0	29.0
355.0	32.0
356.0	18.0
357.0	14.0
358.0	16.0
359.0	22.0
360.0	20.0
361.0	15.0
362.0	15.0
363.0	31.0
364.0	13.0
365.0	23.0
366.0	12.0
367.0	14.0
368.0	13.0
369.0	28.0
370.0	18.0
371.0	11.0
372.0	9.0
373.0	34.0
374.0	13.0
375.0	14.0
376.0	12.0
377.0	46.0
378.0	13.0
379.0	20.0
380.0	22.0
381.0	21.0
382.0	15.0
383.0	10.0
384.0	10.0
385.0	25.0
386.0	12.0
387.0	8.0
388.0	13.0
389.0	8.0
390.0	12.0
391.0	15.0
392.0	11.0
393.0	8.0
394.0	14.0
395.0	11.0
396.0	7.0
397.0	11.0
398.0	8.0
399.0	7.0
400.0	5.0
401.0	10.0
402.0	6.0
403.0	16.0
404.0	12.0
405.0	7.0
406.0	6.0
407.0	13.0
408.0	7.0
409.0	19.0
410.0	6.0
411.0	16.0
412.0	6.0
413.0	18.0
414.0	20.0
415.0	3.0
416.0	7.0
417.0	10.0
418.0	10.0
419.0	11.0
420.0	15.0
421.0	8.0
422.0	6.0
423.0	9.0
424.0	7.0
425.0	4.0
426.0	8.0
427.0	13.0
428.0	12.0
429.0	12.0
430.0	12.0
431.0	9.0
432.0	9.0
433.0	11.0
434.0	12.0
435.0	6.0
436.0	17.0
437.0	13.0
438.0	10.0
439.0	14.0
440.0	14.0
441.0	15.0
442.0	13.0
443.0	13.0
444.0	13.0
445.0	27.0
446.0	19.0
447.0	13.0
448.0	8.0
449.0	8.0
450.0	10.0
451.0	14.0
452.0	11.0
453.0	11.0
454.0	10.0
455.0	14.0
456.0	5.0
457.0	3.0
458.0	7.0
459.0	4.0
460.0	3.0
461.0	14.0
462.0	4.0
463.0	5.0
464.0	11.0
465.0	10.0
466.0	18.0
467.0	8.0
468.0	11.0
469.0	6.0
470.0	3.0
471.0	13.0
472.0	5.0
473.0	15.0
474.0	12.0
475.0	14.0
476.0	7.0
477.0	5.0
478.0	9.0
479.0	5.0
480.0	5.0
481.0	13.0
482.0	6.0
483.0	8.0
484.0	5.0
485.0	2.0
486.0	11.0
487.0	6.0
488.0	11.0
489.0	5.0
490.0	15.0
491.0	10.0
492.0	22.0
493.0	14.0
494.0	5.0
495.0	9.0
496.0	14.0
497.0	6.0
498.0	12.0
499.0	11.0
500.0	4.0
501.0	5.0
502.0	8.0
503.0	8.0
504.0	6.0
505.0	4.0
506.0	6.0
507.0	5.0
508.0	12.0
509.0	6.0
510.0	14.0
511.0	6.0
512.0	35.0
513.0	12.0
514.0	2.0
515.0	2.0
516.0	4.0
517.0	4.0
518.0	6.0
519.0	6.0
520.0	6.0
521.0	8.0
522.0	9.0
523.0	7.0
524.0	5.0
525.0	6.0
526.0	8.0
527.0	4.0
528.0	5.0
529.0	7.0
530.0	4.0
531.0	2.0
532.0	4.0
533.0	5.0
534.0	3.0
535.0	8.0
536.0	5.0
537.0	18.0
538.0	9.0
539.0	15.0
540.0	9.0
541.0	9.0
542.0	13.0
543.0	14.0
544.0	7.0
545.0	13.0
546.0	4.0
547.0	4.0
548.0	2.0
549.0	8.0
550.0	3.0
551.0	1.0
552.0	2.0
553.0	6.0
554.0	4.0
555.0	5.0
556.0	5.0
557.0	1.0
558.0	3.0
559.0	3.0
560.0	4.0
561.0	2.0
562.0	1.0
563.0	1.0
564.0	4.0
565.0	3.0
566.0	1.0
567.0	8.0
568.0	2.0
569.0	4.0
570.0	4.0
571.0	3.0
572.0	8.0
573.0	2.0
574.0	6.0
575.0	4.0
576.0	2.0
577.0	1.0
578.0	2.0
579.0	5.0
580.0	3.0
581.0	4.0
582.0	4.0
583.0	3.0
584.0	2.0
585.0	5.0
586.0	3.0
587.0	4.0
588.0	9.0
589.0	4.0
590.0	5.0
591.0	4.0
592.0	1.0
593.0	3.0
594.0	6.0
595.0	4.0
596.0	4.0
597.0	6.0
598.0	5.0
599.0	3.0
600.0	3.0
601.0	8.0
602.0	9.0
603.0	5.0
604.0	8.0
605.0	3.0
606.0	5.0
607.0	3.0
608.0	6.0
609.0	3.0
610.0	7.0
611.0	1.0
612.0	7.0
613.0	7.0
614.0	8.0
615.0	10.0
616.0	7.0
617.0	7.0
618.0	6.0
619.0	9.0
620.0	8.0
621.0	12.0
622.0	6.0
623.0	1.0
624.0	6.0
625.0	3.0
626.0	4.0
627.0	4.0
628.0	9.0
629.0	2.0
630.0	7.0
631.0	12.0
632.0	3.0
633.0	7.0
634.0	10.0
635.0	8.0
636.0	7.0
637.0	7.0
638.0	7.0
639.0	11.0
640.0	9.0
641.0	5.0
642.0	12.0
643.0	3.0
644.0	14.0
645.0	6.0
646.0	10.0
647.0	11.0
648.0	10.0
649.0	2.0
650.0	9.0
651.0	3.0
652.0	2.0
653.0	6.0
654.0	5.0
655.0	4.0
656.0	5.0
657.0	4.0
658.0	7.0
659.0	4.0
660.0	7.0
661.0	3.0
662.0	7.0
663.0	11.0
664.0	3.0
665.0	5.0
666.0	12.0
667.0	5.0
668.0	7.0
669.0	3.0
670.0	3.0
672.0	3.0
674.0	2.0
675.0	3.0
676.0	4.0
677.0	3.0
678.0	5.0
679.0	8.0
680.0	3.0
681.0	2.0
682.0	4.0
683.0	3.0
684.0	3.0
685.0	2.0
686.0	5.0
687.0	9.0
688.0	5.0
689.0	5.0
690.0	2.0
691.0	3.0
692.0	1.0
693.0	1.0
694.0	3.0
695.0	6.0
697.0	4.0
698.0	5.0
699.0	7.0
700.0	3.0
701.0	3.0
702.0	4.0
703.0	4.0
704.0	1.0
705.0	8.0
706.0	4.0
707.0	4.0
708.0	4.0
709.0	5.0
710.0	5.0
711.0	8.0
712.0	4.0
713.0	5.0
714.0	3.0
715.0	2.0
716.0	4.0
717.0	8.0
718.0	6.0
719.0	6.0
720.0	3.0
721.0	3.0
722.0	2.0
723.0	5.0
724.0	3.0
725.0	5.0
726.0	6.0
727.0	3.0
728.0	12.0
729.0	5.0
730.0	9.0
731.0	5.0
732.0	6.0
733.0	4.0
734.0	6.0
735.0	5.0
737.0	5.0
738.0	4.0
739.0	2.0
740.0	4.0
741.0	7.0
742.0	1.0
743.0	4.0
744.0	1.0
745.0	2.0
746.0	2.0
747.0	3.0
748.0	4.0
749.0	2.0
750.0	4.0
752.0	3.0
753.0	3.0
754.0	4.0
755.0	2.0
756.0	5.0
757.0	1.0
758.0	4.0
759.0	3.0
760.0	3.0
761.0	1.0
762.0	2.0
763.0	2.0
764.0	1.0
765.0	1.0
766.0	3.0
767.0	2.0
768.0	1.0
770.0	3.0
771.0	3.0
772.0	5.0
773.0	1.0
774.0	2.0
775.0	5.0
776.0	3.0
777.0	2.0
778.0	4.0
779.0	1.0
780.0	2.0
781.0	2.0
782.0	2.0
783.0	3.0
784.0	3.0
786.0	3.0
787.0	3.0
788.0	2.0
789.0	3.0
790.0	1.0
791.0	2.0
792.0	1.0
793.0	6.0
794.0	3.0
795.0	3.0
796.0	2.0
797.0	5.0
799.0	4.0
800.0	3.0
801.0	4.0
802.0	7.0
803.0	8.0
804.0	9.0
805.0	6.0
806.0	4.0
807.0	1.0
808.0	3.0
809.0	4.0
810.0	3.0
811.0	2.0
812.0	1.0
813.0	4.0
814.0	3.0
815.0	5.0
816.0	2.0
817.0	3.0
818.0	2.0
819.0	4.0
820.0	6.0
821.0	4.0
822.0	3.0
823.0	2.0
824.0	2.0
825.0	3.0
826.0	8.0
827.0	7.0
828.0	1.0
829.0	2.0
830.0	4.0
831.0	6.0
832.0	4.0
833.0	4.0
834.0	3.0
835.0	5.0
836.0	2.0
837.0	4.0
838.0	7.0
839.0	4.0
840.0	5.0
841.0	6.0
842.0	4.0
843.0	2.0
844.0	5.0
845.0	5.0
846.0	1.0
847.0	6.0
848.0	2.0
849.0	2.0
850.0	4.0
851.0	1.0
854.0	2.0
855.0	4.0
856.0	2.0
857.0	1.0
858.0	2.0
859.0	1.0
860.0	1.0
861.0	3.0
862.0	3.0
863.0	3.0
864.0	1.0
865.0	3.0
866.0	2.0
867.0	3.0
868.0	2.0
869.0	3.0
871.0	3.0
872.0	3.0
873.0	3.0
874.0	1.0
875.0	3.0
876.0	3.0
877.0	3.0
878.0	1.0
879.0	5.0
880.0	3.0
881.0	1.0
882.0	3.0
883.0	4.0
884.0	3.0
885.0	6.0
886.0	7.0
887.0	3.0
888.0	3.0
889.0	3.0
890.0	5.0
891.0	4.0
892.0	2.0
893.0	1.0
894.0	4.0
895.0	4.0
896.0	4.0
897.0	5.0
898.0	2.0
899.0	2.0
900.0	4.0
901.0	4.0
902.0	2.0
903.0	4.0
904.0	1.0
905.0	3.0
906.0	2.0
907.0	4.0
908.0	9.0
909.0	4.0
910.0	2.0
911.0	2.0
912.0	8.0
913.0	1.0
914.0	2.0
915.0	3.0
916.0	4.0
917.0	2.0
918.0	1.0
919.0	3.0
920.0	4.0
921.0	4.0
922.0	5.0
924.0	12.0
925.0	1.0
926.0	1.0
927.0	5.0
928.0	6.0
929.0	1.0
930.0	3.0
931.0	3.0
932.0	4.0
933.0	4.0
934.0	4.0
935.0	3.0
936.0	3.0
937.0	3.0
938.0	4.0
939.0	3.0
941.0	4.0
942.0	5.0
943.0	2.0
944.0	3.0
945.0	1.0
946.0	1.0
947.0	6.0
948.0	6.0
949.0	4.0
950.0	5.0
951.0	3.0
952.0	2.0
953.0	1.0
954.0	1.0
955.0	4.0
956.0	5.0
958.0	3.0
959.0	1.0
960.0	2.0
961.0	3.0
962.0	6.0
963.0	3.0
964.0	4.0
965.0	4.0
966.0	4.0
967.0	6.0
968.0	4.0
969.0	1.0
970.0	4.0
971.0	1.0
973.0	2.0
974.0	3.0
975.0	1.0
977.0	3.0
978.0	1.0
979.0	1.0
980.0	1.0
981.0	1.0
982.0	2.0
983.0	2.0
984.0	1.0
985.0	1.0
986.0	3.0
987.0	2.0
989.0	3.0
990.0	3.0
991.0	1.0
992.0	3.0
993.0	4.0
994.0	1.0
995.0	2.0
996.0	4.0
997.0	4.0
998.0	5.0
999.0	5.0
1000.0	1.0
1001.0	3.0
1002.0	2.0
1003.0	2.0
1005.0	2.0
1006.0	2.0
1008.0	2.0
1009.0	2.0
1011.0	1.0
1012.0	1.0
1013.0	3.0
1014.0	2.0
1015.0	2.0
1016.0	5.0
1017.0	2.0
1018.0	4.0
1019.0	2.0
1020.0	1.0
1021.0	3.0
1022.0	1.0
1023.0	2.0
1024.0	3.0
1025.0	2.0
1026.0	2.0
1028.0	5.0
1029.0	4.0
1030.0	1.0
1031.0	1.0
1032.0	3.0
1033.0	3.0
1034.0	4.0
1035.0	21.0
1036.0	4.0
1038.0	2.0
1039.0	2.0
1040.0	3.0
1042.0	2.0
1043.0	2.0
1044.0	2.0
1045.0	5.0
1046.0	3.0
1047.0	2.0
1048.0	1.0
1049.0	1.0
1050.0	5.0
1052.0	2.0
1055.0	2.0
1056.0	1.0
1057.0	1.0
1059.0	3.0
1060.0	4.0
1061.0	1.0
1062.0	3.0
1063.0	1.0
1064.0	1.0
1065.0	1.0
1067.0	1.0
1068.0	2.0
1069.0	2.0
1070.0	2.0
1071.0	2.0
1072.0	1.0
1073.0	3.0
1074.0	2.0
1075.0	2.0
1077.0	4.0
1079.0	2.0
1080.0	3.0
1081.0	1.0
1082.0	2.0
1084.0	3.0
1085.0	1.0
1087.0	2.0
1088.0	2.0
1089.0	1.0
1091.0	5.0
1092.0	3.0
1093.0	2.0
1094.0	3.0
1095.0	3.0
1096.0	2.0
1097.0	2.0
1098.0	2.0
1100.0	3.0
1101.0	3.0
1102.0	1.0
1103.0	3.0
1104.0	1.0
1105.0	4.0
1106.0	2.0
1107.0	4.0
1108.0	2.0
1109.0	1.0
1110.0	1.0
1111.0	1.0
1112.0	2.0
1113.0	5.0
1114.0	1.0
1115.0	4.0
1116.0	3.0
1117.0	3.0
1118.0	2.0
1119.0	1.0
1120.0	4.0
1121.0	2.0
1122.0	1.0
1123.0	5.0
1124.0	5.0
1125.0	1.0
1126.0	4.0
1127.0	2.0
1128.0	2.0
1129.0	4.0
1130.0	1.0
1131.0	3.0
1132.0	2.0
1133.0	7.0
1134.0	3.0
1135.0	1.0
1136.0	3.0
1137.0	8.0
1138.0	3.0
1139.0	6.0
1140.0	16.0
1141.0	4.0
1142.0	3.0
1143.0	7.0
1144.0	10.0
1145.0	11.0
1146.0	7.0
1147.0	6.0
1148.0	3.0
1149.0	3.0
1150.0	3.0
1151.0	2.0
1152.0	3.0
1153.0	4.0
1154.0	2.0
1155.0	5.0
1156.0	3.0
1157.0	6.0
1158.0	3.0
1159.0	2.0
1160.0	2.0
1161.0	2.0
1162.0	4.0
1163.0	1.0
1164.0	3.0
1165.0	8.0
1166.0	10.0
1167.0	1.0
1168.0	7.0
1169.0	4.0
1170.0	1.0
1171.0	2.0
1172.0	5.0
1173.0	4.0
1174.0	5.0
1175.0	3.0
1176.0	2.0
1177.0	4.0
1178.0	7.0
1179.0	5.0
1180.0	1.0
1181.0	10.0
1182.0	6.0
1183.0	4.0
1184.0	2.0
1185.0	9.0
1186.0	9.0
1187.0	16.0
1188.0	7.0
1189.0	8.0
1190.0	7.0
1191.0	9.0
1192.0	6.0
1193.0	4.0
1194.0	8.0
1195.0	11.0
1196.0	4.0
1197.0	3.0
1198.0	3.0
1199.0	7.0
1200.0	9.0
1201.0	7.0
1202.0	8.0
1203.0	13.0
1204.0	10.0
1205.0	12.0
1206.0	8.0
1207.0	9.0
1208.0	2.0
1209.0	10.0
1210.0	3.0
1211.0	9.0
1212.0	4.0
1213.0	6.0
1214.0	4.0
1215.0	5.0
1216.0	6.0
1217.0	6.0
1218.0	8.0
1219.0	8.0
1220.0	6.0
1221.0	8.0
1222.0	8.0
1223.0	8.0
1224.0	8.0
1225.0	5.0
1226.0	2.0
1227.0	3.0
1228.0	2.0
1229.0	6.0
1230.0	4.0
1231.0	8.0
1232.0	2.0
1233.0	3.0
1234.0	1.0
1235.0	3.0
1236.0	2.0
1237.0	7.0
1238.0	3.0
1239.0	5.0
1240.0	2.0
1241.0	4.0
1242.0	6.0
1243.0	2.0
1244.0	5.0
1245.0	3.0
1246.0	3.0
1247.0	5.0
1248.0	4.0
1249.0	4.0
1250.0	3.0
1251.0	1.0
1252.0	5.0
1253.0	6.0
1254.0	6.0
1255.0	1.0
1256.0	2.0
1257.0	4.0
1258.0	7.0
1259.0	6.0
1260.0	6.0
1261.0	6.0
1262.0	7.0
1263.0	8.0
1264.0	3.0
1265.0	6.0
1266.0	3.0
1267.0	10.0
1268.0	4.0
1269.0	4.0
1270.0	5.0
1271.0	4.0
1272.0	8.0
1273.0	8.0
1274.0	10.0
1275.0	3.0
1276.0	6.0
1277.0	5.0
1278.0	5.0
1279.0	5.0
1280.0	11.0
1281.0	2.0
1282.0	5.0
1283.0	7.0
1284.0	12.0
1285.0	10.0
1286.0	8.0
1287.0	8.0
1288.0	12.0
1289.0	9.0
1290.0	5.0
1291.0	9.0
1292.0	13.0
1293.0	8.0
1294.0	3.0
1295.0	8.0
1296.0	6.0
1297.0	9.0
1298.0	9.0
1299.0	6.0
1300.0	7.0
1301.0	5.0
1302.0	5.0
1303.0	5.0
1304.0	12.0
1305.0	8.0
1306.0	12.0
1307.0	9.0
1308.0	8.0
1309.0	6.0
1310.0	4.0
1311.0	12.0
1312.0	9.0
1313.0	13.0
1314.0	6.0
1315.0	8.0
1316.0	12.0
1317.0	14.0
1318.0	11.0
1319.0	9.0
1320.0	10.0
1321.0	8.0
1322.0	10.0
1323.0	7.0
1324.0	9.0
1325.0	9.0
1326.0	15.0
1327.0	12.0
1328.0	6.0
1329.0	11.0
1330.0	7.0
1331.0	8.0
1332.0	9.0
1333.0	5.0
1334.0	7.0
1335.0	6.0
1336.0	12.0
1337.0	11.0
1338.0	9.0
1339.0	15.0
1340.0	15.0
1341.0	12.0
1342.0	12.0
1343.0	15.0
1344.0	12.0
1345.0	10.0
1346.0	13.0
1347.0	8.0
1348.0	4.0
1349.0	6.0
1350.0	11.0
1351.0	9.0
1352.0	8.0
1353.0	12.0
1354.0	13.0
1355.0	6.0
1356.0	5.0
1357.0	10.0
1358.0	11.0
1359.0	12.0
1360.0	6.0
1361.0	7.0
1362.0	6.0
1363.0	14.0
1364.0	11.0
1365.0	9.0
1366.0	14.0
1367.0	8.0
1368.0	12.0
1369.0	11.0
1370.0	13.0
1371.0	6.0
1372.0	12.0
1373.0	12.0
1374.0	12.0
1375.0	12.0
1376.0	11.0
1377.0	6.0
1378.0	9.0
1379.0	14.0
1380.0	10.0
1381.0	6.0
1382.0	10.0
1383.0	8.0
1384.0	9.0
1385.0	7.0
1386.0	8.0
1387.0	9.0
1388.0	5.0
1389.0	10.0
1390.0	14.0
1391.0	5.0
1392.0	7.0
1393.0	9.0
1394.0	15.0
1395.0	11.0
1396.0	9.0
1397.0	14.0
1398.0	10.0
1399.0	10.0
1400.0	11.0
1401.0	14.0
1402.0	13.0
1403.0	17.0
1404.0	16.0
1405.0	13.0
1406.0	9.0
1407.0	10.0
1408.0	12.0
1409.0	11.0
1410.0	14.0
1411.0	15.0
1412.0	11.0
1413.0	14.0
1414.0	11.0
1415.0	13.0
1416.0	13.0
1417.0	15.0
1418.0	15.0
1419.0	22.0
1420.0	15.0
1421.0	9.0
1422.0	13.0
1423.0	14.0
1424.0	17.0
1425.0	10.0
1426.0	18.0
1427.0	12.0
1428.0	12.0
1429.0	8.0
1430.0	15.0
1431.0	9.0
1432.0	16.0
1433.0	12.0
1434.0	11.0
1435.0	15.0
1436.0	15.0
1437.0	17.0
1438.0	11.0
1439.0	8.0
1440.0	7.0
1441.0	5.0
1442.0	9.0
1443.0	11.0
1444.0	10.0
1445.0	14.0
1446.0	23.0
1447.0	11.0
1448.0	10.0
1449.0	17.0
1450.0	13.0
1451.0	14.0
1452.0	16.0
1453.0	9.0
1454.0	11.0
1455.0	12.0
1456.0	14.0
1457.0	12.0
1458.0	12.0
1459.0	10.0
1460.0	10.0
1461.0	15.0
1462.0	11.0
1463.0	7.0
1464.0	11.0
1465.0	10.0
1466.0	17.0
1467.0	10.0
1468.0	12.0
1469.0	12.0
1470.0	6.0
1471.0	8.0
1472.0	9.0
1473.0	14.0
1474.0	8.0
1475.0	8.0
1476.0	8.0
1477.0	10.0
1478.0	13.0
1479.0	16.0
1480.0	16.0
1481.0	15.0
1482.0	20.0
1483.0	15.0
1484.0	13.0
1485.0	19.0
1486.0	12.0
1487.0	24.0
1488.0	14.0
1489.0	21.0
1490.0	19.0
1491.0	12.0
1492.0	17.0
1493.0	12.0
1494.0	11.0
1495.0	17.0
1496.0	20.0
1497.0	23.0
1498.0	19.0
1499.0	23.0
1500.0	7.0
1501.0	14.0
1502.0	18.0
1503.0	12.0
1504.0	18.0
1505.0	17.0
1506.0	12.0
1507.0	11.0
1508.0	15.0
1509.0	10.0
1510.0	24.0
1511.0	12.0
1512.0	15.0
1513.0	22.0
1514.0	17.0
1515.0	15.0
1516.0	16.0
1517.0	13.0
1518.0	16.0
1519.0	24.0
1520.0	16.0
1521.0	25.0
1522.0	19.0
1523.0	27.0
1524.0	22.0
1525.0	21.0
1526.0	21.0
1527.0	10.0
1528.0	27.0
1529.0	17.0
1530.0	19.0
1531.0	24.0
1532.0	20.0
1533.0	22.0
1534.0	32.0
1535.0	28.0
1536.0	19.0
1537.0	19.0
1538.0	23.0
1539.0	28.0
1540.0	30.0
1541.0	20.0
1542.0	20.0
1543.0	27.0
1544.0	19.0
1545.0	14.0
1546.0	19.0
1547.0	21.0
1548.0	27.0
1549.0	26.0
1550.0	17.0
1551.0	22.0
1552.0	17.0
1553.0	22.0
1554.0	17.0
1555.0	22.0
1556.0	17.0
1557.0	22.0
1558.0	14.0
1559.0	26.0
1560.0	14.0
1561.0	25.0
1562.0	21.0
1563.0	12.0
1564.0	23.0
1565.0	15.0
1566.0	25.0
1567.0	14.0
1568.0	21.0
1569.0	17.0
1570.0	27.0
1571.0	14.0
1572.0	18.0
1573.0	23.0
1574.0	15.0
1575.0	13.0
1576.0	21.0
1577.0	17.0
1578.0	26.0
1579.0	18.0
1580.0	33.0
1581.0	20.0
1582.0	19.0
1583.0	23.0
1584.0	20.0
1585.0	15.0
1586.0	18.0
1587.0	16.0
1588.0	22.0
1589.0	23.0
1590.0	16.0
1591.0	18.0
1592.0	20.0
1593.0	17.0
1594.0	24.0
1595.0	23.0
1596.0	17.0
1597.0	23.0
1598.0	26.0
1599.0	23.0
1600.0	24.0
1601.0	15.0
1602.0	12.0
1603.0	28.0
1604.0	27.0
1605.0	24.0
1606.0	25.0
1607.0	22.0
1608.0	20.0
1609.0	27.0
1610.0	22.0
1611.0	21.0
1612.0	23.0
1613.0	24.0
1614.0	24.0
1615.0	27.0
1616.0	18.0
1617.0	29.0
1618.0	27.0
1619.0	28.0
1620.0	28.0
1621.0	26.0
1622.0	21.0
1623.0	25.0
1624.0	24.0
1625.0	30.0
1626.0	30.0
1627.0	21.0
1628.0	27.0
1629.0	28.0
1630.0	25.0
1631.0	24.0
1632.0	29.0
1633.0	28.0
1634.0	30.0
1635.0	38.0
1636.0	32.0
1637.0	34.0
1638.0	24.0
1639.0	24.0
1640.0	33.0
1641.0	30.0
1642.0	38.0
1643.0	28.0
1644.0	39.0
1645.0	20.0
1646.0	34.0
1647.0	33.0
1648.0	35.0
1649.0	44.0
1650.0	44.0
1651.0	38.0
1652.0	32.0
1653.0	30.0
1654.0	34.0
1655.0	32.0
1656.0	36.0
1657.0	23.0
1658.0	35.0
1659.0	32.0
1660.0	26.0
1661.0	21.0
1662.0	31.0
1663.0	22.0
1664.0	21.0
1665.0	28.0
1666.0	27.0
1667.0	30.0
1668.0	27.0
1669.0	27.0
1670.0	22.0
1671.0	17.0
1672.0	23.0
1673.0	24.0
1674.0	22.0
1675.0	26.0
1676.0	23.0
1677.0	29.0
1678.0	20.0
1679.0	16.0
1680.0	18.0
1681.0	24.0
1682.0	35.0
1683.0	30.0
1684.0	23.0
1685.0	21.0
1686.0	21.0
1687.0	35.0
1688.0	39.0
1689.0	24.0
1690.0	37.0
1691.0	31.0
1692.0	22.0
1693.0	35.0
1694.0	29.0
1695.0	34.0
1696.0	24.0
1697.0	32.0
1698.0	38.0
1699.0	38.0
1700.0	34.0
1701.0	32.0
1702.0	37.0
1703.0	28.0
1704.0	30.0
1705.0	35.0
1706.0	30.0
1707.0	29.0
1708.0	34.0
1709.0	36.0
1710.0	45.0
1711.0	32.0
1712.0	26.0
1713.0	46.0
1714.0	36.0
1715.0	39.0
1716.0	31.0
1717.0	38.0
1718.0	39.0
1719.0	36.0
1720.0	29.0
1721.0	32.0
1722.0	40.0
1723.0	37.0
1724.0	39.0
1725.0	42.0
1726.0	44.0
1727.0	38.0
1728.0	32.0
1729.0	44.0
1730.0	38.0
1731.0	33.0
1732.0	32.0
1733.0	32.0
1734.0	32.0
1735.0	32.0
1736.0	32.0
1737.0	34.0
1738.0	35.0
1739.0	41.0
1740.0	37.0
1741.0	37.0
1742.0	39.0
1743.0	33.0
1744.0	31.0
1745.0	49.0
1746.0	34.0
1747.0	39.0
1748.0	39.0
1749.0	38.0
1750.0	38.0
1751.0	25.0
1752.0	43.0
1753.0	37.0
1754.0	39.0
1755.0	34.0
1756.0	37.0
1757.0	33.0
1758.0	40.0
1759.0	32.0
1760.0	44.0
1761.0	37.0
1762.0	46.0
1763.0	40.0
1764.0	39.0
1765.0	31.0
1766.0	44.0
1767.0	35.0
1768.0	32.0
1769.0	33.0
1770.0	47.0
1771.0	34.0
1772.0	38.0
1773.0	42.0
1774.0	40.0
1775.0	27.0
1776.0	34.0
1777.0	41.0
1778.0	42.0
1779.0	34.0
1780.0	37.0
1781.0	43.0
1782.0	33.0
1783.0	37.0
1784.0	30.0
1785.0	41.0
1786.0	30.0
1787.0	36.0
1788.0	34.0
1789.0	37.0
1790.0	46.0
1791.0	38.0
1792.0	36.0
1793.0	38.0
1794.0	30.0
1795.0	45.0
1796.0	41.0
1797.0	36.0
1798.0	45.0
1799.0	41.0
1800.0	39.0
1801.0	48.0
1802.0	50.0
1803.0	29.0
1804.0	34.0
1805.0	42.0
1806.0	51.0
1807.0	56.0
1808.0	37.0
1809.0	35.0
1810.0	36.0
1811.0	41.0
1812.0	37.0
1813.0	43.0
1814.0	35.0
1815.0	33.0
1816.0	29.0
1817.0	35.0
1818.0	44.0
1819.0	48.0
1820.0	37.0
1821.0	47.0
1822.0	39.0
1823.0	39.0
1824.0	37.0
1825.0	38.0
1826.0	25.0
1827.0	33.0
1828.0	34.0
1829.0	37.0
1830.0	32.0
1831.0	28.0
1832.0	31.0
1833.0	33.0
1834.0	29.0
1835.0	29.0
1836.0	39.0
1837.0	31.0
1838.0	38.0
1839.0	44.0
1840.0	33.0
1841.0	39.0
1842.0	22.0
1843.0	33.0
1844.0	22.0
1845.0	27.0
1846.0	29.0
1847.0	20.0
1848.0	33.0
1849.0	19.0
1850.0	33.0
1851.0	17.0
1852.0	22.0
1853.0	21.0
1854.0	26.0
1855.0	23.0
1856.0	23.0
1857.0	43.0
1858.0	20.0
1859.0	32.0
1860.0	25.0
1861.0	29.0
1862.0	27.0
1863.0	35.0
1864.0	36.0
1865.0	26.0
1866.0	36.0
1867.0	24.0
1868.0	20.0
1869.0	23.0
1870.0	30.0
1871.0	20.0
1872.0	28.0
1873.0	27.0
1874.0	26.0
1875.0	22.0
1876.0	23.0
1877.0	16.0
1878.0	27.0
1879.0	23.0
1880.0	17.0
1881.0	16.0
1882.0	15.0
1883.0	19.0
1884.0	19.0
1885.0	13.0
1886.0	18.0
1887.0	21.0
1888.0	18.0
1889.0	18.0
1890.0	23.0
1891.0	24.0
1892.0	16.0
1893.0	15.0
1894.0	14.0
1895.0	19.0
1896.0	13.0
1897.0	12.0
1898.0	16.0
1899.0	18.0
1900.0	19.0
1901.0	23.0
1902.0	22.0
1903.0	16.0
1904.0	15.0
1905.0	16.0
1906.0	20.0
1907.0	16.0
1908.0	22.0
1909.0	14.0
1910.0	17.0
1911.0	12.0
1912.0	23.0
1913.0	15.0
1914.0	17.0
1915.0	16.0
1916.0	28.0
1917.0	17.0
1918.0	27.0
1919.0	19.0
1920.0	27.0
1921.0	24.0
1922.0	17.0
1923.0	20.0
1924.0	20.0
1925.0	23.0
1926.0	16.0
1927.0	18.0
1928.0	14.0
1929.0	19.0
1930.0	25.0
1931.0	28.0
1932.0	23.0
1933.0	14.0
1934.0	24.0
1935.0	15.0
1936.0	11.0
1937.0	17.0
1938.0	12.0
1939.0	19.0
1940.0	18.0
1941.0	8.0
1942.0	15.0
1943.0	11.0
1944.0	16.0
1945.0	18.0
1946.0	17.0
1947.0	16.0
1948.0	19.0
1949.0	15.0
1950.0	16.0
1951.0	17.0
1952.0	12.0
1953.0	6.0
1954.0	10.0
1955.0	12.0
1956.0	8.0
1957.0	16.0
1958.0	9.0
1959.0	15.0
1960.0	17.0
1961.0	10.0
1962.0	15.0
1963.0	13.0
1964.0	16.0
1965.0	14.0
1966.0	11.0
1967.0	11.0
1968.0	8.0
1969.0	15.0
1970.0	11.0
1971.0	13.0
1972.0	9.0
1973.0	14.0
1974.0	17.0
1975.0	12.0
1976.0	4.0
1977.0	6.0
1978.0	11.0
1979.0	11.0
1980.0	5.0
1981.0	9.0
1982.0	7.0
1983.0	5.0
1984.0	12.0
1985.0	11.0
1986.0	9.0
1987.0	9.0
1988.0	8.0
1989.0	7.0
1990.0	10.0
1991.0	8.0
1992.0	7.0
1993.0	9.0
1994.0	18.0
1995.0	5.0
1996.0	13.0
1997.0	10.0
1998.0	13.0
1999.0	10.0
2000.0	9.0
2001.0	8.0
2002.0	8.0
2003.0	8.0
2004.0	7.0
2005.0	12.0
2006.0	13.0
2007.0	10.0
2008.0	14.0
2009.0	15.0
2010.0	4.0
2011.0	3.0
2012.0	5.0
2013.0	8.0
2014.0	5.0
2015.0	9.0
2016.0	3.0
2017.0	8.0
2018.0	1.0
2019.0	8.0
2020.0	5.0
2021.0	4.0
2022.0	6.0
2023.0	4.0
2024.0	5.0
2025.0	6.0
2026.0	5.0
2027.0	3.0
2028.0	4.0
2029.0	5.0
2030.0	6.0
2031.0	1.0
2032.0	5.0
2033.0	3.0
2034.0	6.0
2035.0	4.0
2036.0	5.0
2037.0	4.0
2038.0	11.0
2039.0	9.0
2040.0	4.0
2041.0	8.0
2042.0	4.0
2043.0	4.0
2044.0	2.0
2045.0	6.0
2046.0	4.0
2047.0	11.0
2048.0	2.0
2049.0	7.0
2050.0	3.0
2051.0	4.0
2052.0	3.0
2053.0	4.0
2054.0	4.0
2055.0	8.0
2056.0	6.0
2057.0	6.0
2058.0	5.0
2059.0	2.0
2060.0	5.0
2061.0	8.0
2062.0	4.0
2063.0	1.0
2064.0	5.0
2065.0	3.0
2066.0	3.0
2067.0	6.0
2068.0	2.0
2069.0	4.0
2070.0	5.0
2071.0	3.0
2072.0	6.0
2073.0	1.0
2074.0	8.0
2075.0	5.0
2076.0	7.0
2077.0	5.0
2078.0	7.0
2079.0	8.0
2080.0	10.0
2081.0	2.0
2082.0	2.0
2084.0	6.0
2085.0	7.0
2086.0	6.0
2087.0	6.0
2088.0	4.0
2089.0	8.0
2090.0	4.0
2091.0	2.0
2092.0	4.0
2093.0	4.0
2094.0	7.0
2095.0	6.0
2096.0	3.0
2097.0	4.0
2098.0	4.0
2099.0	2.0
2100.0	4.0
2101.0	4.0
2102.0	4.0
2103.0	2.0
2104.0	3.0
2105.0	2.0
2106.0	4.0
2107.0	3.0
2108.0	3.0
2109.0	6.0
2110.0	4.0
2112.0	5.0
2113.0	4.0
2114.0	5.0
2115.0	7.0
2116.0	3.0
2117.0	2.0
2118.0	8.0
2119.0	5.0
2120.0	7.0
2121.0	6.0
2122.0	5.0
2123.0	11.0
2124.0	8.0
2125.0	6.0
2126.0	8.0
2127.0	10.0
2128.0	8.0
2129.0	7.0
2130.0	2.0
2131.0	4.0
2132.0	5.0
2133.0	2.0
2134.0	8.0
2135.0	4.0
2136.0	8.0
2137.0	7.0
2138.0	9.0
2139.0	7.0
2140.0	3.0
2141.0	9.0
2142.0	2.0
2143.0	4.0
2144.0	3.0
2145.0	3.0
2146.0	5.0
2147.0	2.0
2148.0	4.0
2149.0	8.0
2150.0	3.0
2151.0	4.0
2153.0	5.0
2154.0	2.0
2155.0	4.0
2156.0	6.0
2157.0	3.0
2158.0	5.0
2159.0	4.0
2160.0	3.0
2161.0	3.0
2162.0	1.0
2163.0	2.0
2164.0	2.0
2165.0	4.0
2166.0	3.0
2167.0	1.0
2168.0	1.0
2169.0	1.0
2170.0	5.0
2171.0	5.0
2172.0	2.0
2173.0	6.0
2174.0	2.0
2175.0	2.0
2176.0	4.0
2177.0	1.0
2178.0	3.0
2180.0	2.0
2182.0	1.0
2184.0	5.0
2185.0	2.0
2188.0	1.0
2189.0	3.0
2190.0	3.0
2191.0	2.0
2192.0	4.0
2193.0	1.0
2194.0	1.0
2195.0	2.0
2196.0	1.0
2199.0	3.0
2200.0	3.0
2202.0	1.0
2204.0	2.0
2205.0	2.0
2206.0	1.0
2207.0	1.0
2208.0	3.0
2209.0	2.0
2210.0	2.0
2211.0	2.0
2212.0	2.0
2213.0	2.0
2214.0	1.0
2215.0	3.0
2216.0	3.0
2217.0	1.0
2218.0	3.0
2219.0	1.0
2220.0	3.0
2221.0	7.0
2222.0	4.0
2223.0	1.0
2224.0	2.0
2225.0	3.0
2226.0	2.0
2227.0	2.0
2228.0	2.0
2229.0	1.0
2230.0	2.0
2231.0	2.0
2232.0	4.0
2234.0	2.0
2235.0	3.0
2236.0	3.0
2238.0	1.0
2240.0	1.0
2242.0	1.0
2243.0	1.0
2244.0	1.0
2245.0	1.0
2247.0	1.0
2249.0	1.0
2250.0	1.0
2252.0	3.0
2253.0	1.0
2254.0	1.0
2255.0	2.0
2256.0	1.0
2258.0	2.0
2259.0	1.0
2260.0	2.0
2261.0	3.0
2263.0	4.0
2264.0	1.0
2265.0	1.0
2266.0	3.0
2267.0	2.0
2269.0	3.0
2270.0	3.0
2271.0	3.0
2272.0	2.0
2273.0	3.0
2274.0	6.0
2275.0	3.0
2276.0	2.0
2279.0	2.0
2281.0	1.0
2282.0	1.0
2283.0	1.0
2284.0	3.0
2287.0	1.0
2290.0	2.0
2295.0	1.0
2297.0	2.0
2298.0	1.0
2301.0	2.0
2302.0	1.0
2304.0	1.0
2305.0	1.0
2310.0	1.0
2316.0	1.0
2317.0	1.0
2318.0	1.0
2319.0	1.0
2325.0	1.0
2326.0	1.0
2334.0	2.0
2335.0	1.0
2340.0	1.0
2342.0	1.0
2343.0	3.0
2345.0	2.0
2350.0	1.0
2353.0	1.0
2356.0	1.0
2358.0	1.0
2359.0	1.0
2361.0	1.0
2362.0	1.0
2363.0	1.0
2364.0	2.0
2368.0	1.0
2372.0	1.0
2376.0	2.0
2378.0	1.0
2379.0	1.0
2380.0	1.0
2381.0	1.0
2385.0	1.0
2391.0	1.0
2396.0	2.0
2400.0	1.0
2403.0	1.0
2406.0	1.0
2410.0	1.0
2419.0	1.0
2427.0	1.0
2433.0	1.0
2439.0	1.0
2441.0	1.0
2443.0	2.0
2446.0	3.0
2448.0	2.0
2456.0	1.0
2457.0	1.0
2462.0	1.0
2464.0	1.0
2465.0	1.0
2469.0	1.0
2476.0	1.0
2478.0	1.0
2480.0	1.0
2484.0	2.0
2491.0	1.0
2494.0	3.0
2499.0	1.0
2501.0	1.0
2508.0	2.0
2510.0	1.0
2515.0	1.0
2521.0	1.0
2528.0	1.0
2530.0	2.0
2535.0	1.0
2537.0	1.0
2544.0	1.0
2553.0	1.0
2555.0	1.0
2558.0	1.0
2560.0	1.0
2569.0	1.0
2572.0	1.0
2580.0	1.0
2584.0	1.0
2588.0	1.0
2593.0	1.0
2594.0	1.0
2597.0	1.0
2598.0	1.0
2609.0	1.0
2612.0	1.0
2616.0	1.0
2617.0	1.0
2620.0	1.0
2621.0	1.0
2623.0	1.0
2628.0	1.0
2636.0	1.0
2637.0	1.0
2640.0	1.0
2641.0	2.0
2645.0	1.0
2646.0	1.0
2649.0	1.0
2651.0	1.0
2657.0	1.0
2665.0	1.0
2672.0	2.0
2673.0	1.0
2692.0	1.0
2696.0	1.0
2700.0	1.0
2707.0	1.0
2708.0	1.0
2710.0	1.0
2719.0	1.0
2728.0	1.0
2731.0	1.0
2734.0	1.0
2751.0	1.0
2756.0	1.0
2759.0	1.0
2764.0	2.0
2769.0	1.0
2770.0	1.0
2787.0	1.0
2789.0	1.0
2791.0	1.0
2794.0	1.0
2800.0	1.0
2807.0	1.0
2808.0	1.0
2814.0	1.0
2818.0	2.0
2820.0	1.0
2825.0	1.0
2831.0	1.0
2833.0	1.0
2834.0	1.0
2838.0	1.0
2841.0	1.0
2843.0	1.0
2848.0	1.0
2856.0	1.0
2860.0	1.0
2865.0	1.0
2868.0	1.0
2869.0	1.0
2874.0	2.0
2875.0	2.0
2879.0	1.0
2881.0	2.0
2882.0	1.0
2884.0	1.0
2885.0	1.0
2886.0	1.0
2887.0	1.0
2888.0	2.0
2889.0	3.0
2890.0	1.0
2891.0	2.0
2892.0	1.0
2893.0	9.0
2894.0	1.0
2895.0	2.0
2897.0	1.0
2898.0	4.0
2900.0	3.0
2901.0	1.0
2902.0	1.0
2906.0	1.0
2908.0	4.0
2909.0	1.0
2910.0	1.0
2913.0	1.0
2915.0	1.0
2917.0	1.0
2918.0	1.0
2920.0	1.0
2925.0	2.0
2926.0	2.0
2927.0	5.0
2929.0	2.0
2930.0	2.0
2931.0	3.0
2932.0	1.0
2933.0	1.0
2934.0	2.0
2935.0	1.0
2957.0	1.0
2961.0	1.0
2985.0	1.0
2990.0	1.0
3006.0	1.0
3025.0	1.0
3033.0	1.0
3049.0	1.0
3057.0	1.0
3069.0	1.0
3089.0	1.0
3120.0	1.0
3121.0	1.0
3149.0	1.0
3163.0	1.0
3183.0	1.0
3226.0	1.0
3236.0	1.0
3259.0	1.0
3284.0	1.0
3303.0	1.0
3307.0	1.0
3352.0	1.0
3353.0	1.0
3395.0	1.0
3397.0	1.0
3399.0	1.0
3401.0	1.0
3404.0	1.0
3406.0	1.0
3417.0	1.0
3421.0	1.0
3422.0	1.0
3425.0	1.0
3427.0	1.0
3428.0	1.0
3432.0	1.0
3438.0	1.0
3439.0	1.0
3455.0	1.0
3462.0	1.0
3553.0	1.0
3586.0	1.0
3676.0	1.0
3728.0	1.0
3822.0	1.0
3823.0	1.0
3825.0	1.0
3827.0	2.0
3828.0	1.0
3830.0	1.0
3947.0	1.0
3958.0	1.0
4355.0	1.0
4496.0	1.0
4675.0	1.0
4771.0	1.0
4894.0	1.0
5139.0	1.0
5243.0	1.0
5295.0	1.0
5392.0	1.0
5449.0	1.0
5481.0	1.0
5520.0	1.0
5554.0	1.0
5580.0	1.0
5594.0	1.0
5661.0	1.0
5720.0	1.0
5758.0	1.0
5771.0	1.0
5788.0	1.0
5804.0	1.0
5818.0	1.0
5820.0	1.0
5821.0	1.0
5863.0	1.0
5876.0	1.0
5878.0	1.0
5909.0	1.0
5933.0	1.0
5988.0	1.0
6007.0	1.0
6014.0	1.0
6114.0	1.0
6134.0	1.0
6162.0	1.0
6196.0	1.0
6249.0	1.0
6260.0	1.0
6288.0	1.0
6290.0	1.0
6331.0	1.0
6363.0	1.0
6371.0	1.0
6428.0	1.0
6459.0	1.0
6498.0	1.0
6510.0	1.0
6531.0	1.0
6535.0	1.0
6606.0	1.0
6611.0	1.0
6621.0	1.0
6644.0	1.0
6695.0	1.0
6697.0	1.0
6701.0	1.0
6709.0	1.0
6763.0	1.0
6765.0	1.0
6777.0	1.0
6788.0	1.0
6807.0	1.0
6840.0	1.0
6841.0	1.0
6847.0	1.0
6859.0	1.0
6868.0	1.0
6883.0	1.0
6885.0	1.0
6899.0	1.0
6900.0	1.0
6902.0	1.0
6905.0	1.0
6925.0	1.0
6938.0	4.0
6959.0	1.0
6965.0	1.0
6973.0	1.0
6988.0	1.0
7001.0	2.0
7018.0	1.0
7027.0	1.0
7032.0	1.0
7033.0	1.0
7041.0	2.0
7043.0	1.0
7056.0	1.0
7059.0	1.0
7070.0	1.0
7086.0	1.0
7099.0	1.0
7104.0	1.0
7141.0	1.0
7145.0	1.0
7164.0	1.0
7167.0	1.0
7181.0	1.0
7190.0	1.0
7208.0	1.0
7214.0	1.0
7223.0	1.0
7225.0	1.0
7228.0	1.0
7229.0	1.0
7232.0	1.0
7236.0	1.0
7238.0	1.0
7282.0	1.0
7286.0	1.0
7305.0	1.0
7327.0	1.0
7330.0	1.0
7338.0	1.0
7358.0	1.0
7364.0	1.0
7396.0	1.0
7398.0	2.0
7406.0	1.0
7408.0	1.0
7430.0	1.0
7433.0	1.0
7470.0	1.0
7473.0	1.0
7485.0	1.0
7495.0	1.0
7503.0	1.0
7506.0	1.0
7510.0	1.0
7540.0	1.0
7552.0	1.0
7557.0	1.0
7573.0	1.0
7580.0	1.0
7582.0	1.0
7590.0	1.0
7600.0	1.0
7603.0	1.0
7604.0	1.0
7606.0	1.0
7610.0	1.0
7623.0	1.0
7628.0	1.0
7637.0	1.0
7641.0	1.0
7644.0	1.0
7645.0	1.0
7654.0	1.0
7655.0	1.0
7664.0	1.0
7676.0	1.0
7684.0	2.0
7686.0	3.0
7694.0	1.0
7696.0	3.0
7697.0	3.0
