# Position (bp)	A	C	G	T	N
0.0	27.871651218146777	21.980914774596908	20.171322589881328	29.97589774490071	2.136724742845177E-4
1.0	29.82211014176663	20.915689749182114	22.59618661395856	26.659197791712103	0.0068157033805888775
2.0	27.888393112159083	21.71417448943107	21.10125904722009	29.292788246917965	0.003385104271790022
3.0	28.723515882076423	21.26032502854073	21.889690081257136	28.123950708481633	0.002518299644080317
4.0	28.333062936015672	21.063743047668968	22.30465873778532	28.29479131567015	0.00374396285988843
5.0	28.573517780048117	21.333174043436706	21.998072042975316	28.095236133539856	0.0
6.0	28.8160513748843	21.20360738186316	22.237739898265936	27.742601344986607	0.0
7.0	28.51010239727212	21.47901293342855	20.99317012432937	29.01771454496996	0.0
8.0	28.580899846178415	21.528958278168453	20.83221319146442	29.057928684188717	0.0
9.0	27.980485454435943	21.827179826938906	21.644883454797327	28.537814451203598	0.009636812624224536
10.0	28.54163052300133	21.313695108989354	21.314891588945322	28.824199205936136	0.005583573127857842
11.0	28.8121840704032	21.57466849710753	21.361403620146486	28.24757770776959	0.004166104573192506
12.0	28.52438172032396	21.399999210244705	21.00117278661207	29.07049750634766	0.003948776471610271
13.0	29.18165343899745	21.363766799926097	20.954947305525746	28.49904281204917	5.896435015389696E-4
14.0	28.21744889234965	21.876754700886472	21.224666276678793	28.679173669166367	0.001956460918714918
15.0	28.48130841121495	21.336253894080997	21.399532710280376	28.782904984423674	0.0
16.0	28.93381625839076	21.584074331163013	21.55518414103066	27.926925269415566	0.0
17.0	28.473435903774067	21.70529312139476	21.021854958161377	28.799416016669788	0.0
18.0	28.87938247644182	21.397506746710317	21.123598963612967	28.5995118132349	0.0
19.0	27.8080900581255	21.792081597933997	21.60548226540019	28.79434607854031	0.0
20.0	28.332744983923753	21.609342352570767	21.408222262505603	28.649690400999877	0.0
21.0	28.606442044417403	21.724406753878917	21.75007605719501	27.91907514450867	0.0
22.0	28.504656961190726	21.553507688343576	21.1592385167446	28.782596833721097	0.0
23.0	28.586885505927317	21.684649402736497	21.1969062392604	28.53155885207579	0.0
24.0	27.687531885173843	22.04543272534229	21.80277596323816	28.464259426245707	0.0
25.0	28.26123677750167	21.73895090877696	21.661624161980768	28.3381881517406	0.0
26.0	28.39253669061248	21.881321329862782	21.849135761347753	27.876444841981957	5.613761950295751E-4
27.0	28.247594305465352	21.826685479235255	21.303554231708137	28.62197935096638	1.866326248758893E-4
28.0	28.716895937522686	21.758551824643625	21.28747792131893	28.236888194861926	1.8612165283472584E-4
29.0	27.684870680129475	22.136011038663177	21.79727413361165	28.381844147595693	0.0
30.0	28.289473684210524	21.598895955303277	21.74916045053345	28.36061249962852	0.0018574103242295463
31.0	28.64756222380322	21.710855056014893	22.010666141594797	27.6309165785871	0.0
32.0	28.313791188483105	21.907137510702828	21.461751196581037	28.31676290700936	5.571972236719669E-4
33.0	28.64952592466046	21.72928868272791	21.4137955366726	28.20720416250404	1.8569343499429922E-4
34.0	27.780035819344302	22.163636869797614	21.842933103198686	28.213394207659398	0.0
35.0	28.194023225883136	21.65879532213702	21.6849815489246	28.462199903055247	0.0
36.0	28.469574946982213	21.779204389370793	22.0617180922147	27.689316707154106	1.8586427818678244E-4
37.0	28.165967695440724	21.63438380494518	21.63661555342713	28.56303294618697	0.0
38.0	28.52823630978075	21.80220442671509	21.546559397466623	28.12299986603754	0.0
39.0	27.67924619617216	22.16551071996307	21.912542673233784	28.242700410630988	0.0
40.0	28.205137760321076	21.804830694642934	21.762720959654775	28.22675160659819	5.589787830286589E-4
41.0	28.40996636714837	21.759317120669746	22.02401493798535	27.806701574196534	0.0
42.0	28.13792691486343	21.894740379015275	21.462785418813375	28.504360617057177	1.8667025073548077E-4
43.0	28.455161540990463	21.757972443886548	21.5767805373741	28.20952509040916	5.603873397292209E-4
44.0	27.76602464668967	22.214165305504576	21.75591778456386	28.263892263241896	0.0
45.0	28.079049963707657	21.86763396364779	21.8478041261028	28.20551194654175	0.0
46.0	28.452176714288925	21.890755987743574	21.943197908316538	27.713682097077484	1.8729257347487656E-4
47.0	28.271316739324053	21.945155393053017	21.514836169315146	28.268691698307784	0.0
48.0	28.44016893477241	21.86278742374472	21.5292351008916	28.166494603472547	0.001313937118723604
49.0	27.82022708395191	22.23408213658863	21.75093678707403	28.194753992385436	0.0
50.0	28.135838177483123	21.984504993441814	21.785595327034212	28.094061502040844	0.0
51.0	28.255836552014323	21.87652718315254	22.127480522813165	27.74015574201997	0.0
52.0	28.220366357936655	21.793706894760405	21.696233090845208	28.289693656457732	0.0
53.0	28.318353030649867	21.900061106770366	21.436557740222444	28.34502812235732	0.0
54.0	27.69297805226913	22.27661529426252	21.792382233420796	28.23802442004755	0.0
55.0	28.152277269440347	21.900201373744736	21.83586046944187	28.111471091195167	1.8979617788456976E-4
56.0	28.323527957680326	22.032051598967108	21.87612901262973	27.768291430722837	0.0
57.0	28.20501096422291	21.760981845685468	21.578086033428022	28.4559211566636	0.0
58.0	28.408069137857634	21.960471380599937	21.62810720415102	28.003352277391407	0.0
59.0	27.897843034100152	22.275766416375724	21.629728824907936	28.196661724616195	0.0
60.0	28.193756579060896	22.011692273474186	21.777961847678323	28.01601408134739	5.75218439202287E-4
61.0	28.309055269428857	21.979398877700053	21.868706280267507	27.842263048658623	5.765239449611807E-4
62.0	28.19614913436424	22.060806385749178	21.32807865073311	28.41458058849363	3.8524065984020214E-4
63.0	28.2376681181389	22.06598244716287	21.397468452202794	28.29888098249544	0.0
64.0	27.847861140092956	22.36884130489908	21.665211659927177	28.118085895080785	0.0
65.0	28.096059481285007	22.25542260312114	21.73406882956369	27.914255057830108	1.9402820005859654E-4
66.0	28.201036785653127	22.037727477933277	21.908518455095972	27.852328097513894	3.891838037268241E-4
67.0	28.031726519741273	21.982029443615183	21.624179276299742	28.362064760343802	0.0
68.0	28.244957375663525	22.176198852263678	21.436803086718072	28.14204068535472	0.0
69.0	27.821689138951506	22.292977386466404	21.697378462311104	28.187170296955895	7.847153150926258E-4
70.0	28.03762039214143	22.11103131425423	21.892038131966512	27.95852312414533	7.870374924985489E-4
71.0	28.264846761253853	22.09247019398334	21.901230133433856	27.741255553165328	1.9735816362175912E-4
72.0	27.998907166571968	22.02435513918778	21.80796620135456	28.1685735158154	1.9797707029571836E-4
73.0	28.160144574963507	22.052448142668478	21.771639078930384	28.01576820343763	0.0
74.0	27.770746340053616	22.339375940524004	21.791455308292555	28.098422411129825	0.0
75.0	27.930806147986182	22.08709847140562	21.971268587295523	28.010826793312678	0.0
76.0	28.1749625955195	21.994236195487364	21.996244489742637	27.834556719250504	0.0
77.0	28.01787323793143	22.022152007210593	21.673922292549257	28.28605246230872	0.0
78.0	28.0436538216322	22.021620461919287	21.76538094881484	28.16914236675444	2.0240087922941937E-4
79.0	27.82959333201903	22.32172073256738	21.79999715460456	28.048688780809027	0.0
80.0	28.070794798749482	22.07674538197194	21.92920520125052	27.923050551388062	2.0406664000195904E-4
81.0	28.18452960529687	21.903307470763682	22.030809597507353	27.879918415037867	0.001434911394221407
82.0	28.052530020243456	21.947984818436993	21.702921606543807	28.285443039278075	0.011120515497673959
83.0	28.14593791513717	21.986905978802916	21.746462669210427	28.11800345145818	0.0026899853913101056
84.0	27.845399181060465	22.350398037870757	21.768826255949783	28.034960819770948	4.157053480493027E-4
85.0	28.0846355389931	22.066618649463983	21.92966523658911	27.9186630340609	4.175408929111995E-4
86.0	28.084852858497456	22.076050381384732	21.954376484211764	27.878846363628735	0.00587391227731579
87.0	27.929990555218243	21.94288436888619	21.881113809620185	28.245589624232608	4.2164204277136887E-4
88.0	28.016609465700604	22.040803355790008	21.84377780602517	28.09880937248422	0.0
89.0	27.70883232736137	22.462874844313863	21.75220089632634	28.075879027879797	2.1290411863017492E-4
90.0	27.830289642890776	22.172921001035967	21.90943415611435	28.087355199958903	0.0
91.0	28.05323405272989	22.125268507925426	21.996858699656784	27.824638739687895	0.0
92.0	27.770176058705026	22.023059591935866	21.984243840981193	28.22252050837791	0.0
93.0	27.991305638241226	22.037282750072016	21.88517506568782	28.086236545998933	0.0
94.0	27.63439301916042	22.314225612514218	22.151078789156337	27.90030257916903	0.0
95.0	27.685188253095216	22.186806268844634	22.1773080193941	27.949813900577624	8.835580884220758E-4
96.0	27.82853487454614	22.13123340859599	22.339858821221842	27.699927114839817	4.4578079620908006E-4
97.0	27.81845230069484	22.1449181565677	22.09031092414314	27.945195012988883	0.0011236056054436444
98.0	27.92294090611678	22.11973637440088	22.031212147969036	27.926110571513313	0.0
99.0	27.597642948091554	22.211820337431067	22.306120636048682	27.882593850436084	0.0018222279926108655
100.0	27.17607093005458	22.15581858098769	23.4004299483468	27.267452087716777	2.2845289415548961E-4
