#Position (bp)	mapping quality
3869317.5	0.0
1.16079515E7	0.0
1.93465855E7	0.0
2.70852195E7	0.0
3.48238535E7	0.0
4.25624875E7	0.0
5.03011215E7	0.0
5.80397555E7	0.0
6.57783895E7	0.0
7.35170235E7	0.0
8.12556575E7	0.0
8.89942915E7	0.0
9.67329255E7	0.0
1.044715595E8	0.0
1.122101935E8	0.0
1.199488275E8	0.0
1.276874615E8	0.0
1.354260955E8	0.0
1.431647295E8	0.0
1.509033635E8	0.0
1.586419975E8	0.0
1.663806315E8	0.0
1.741192655E8	0.0
1.818578995E8	0.0
1.895965335E8	0.0
1.973351675E8	0.0
2.050738015E8	0.0
2.128124355E8	0.0
2.205510695E8	0.0
2.282897035E8	0.0
2.360283375E8	0.0
2.437669715E8	0.0
2.482963555E8	0.0
2.4904395E8	0.0
2.491474935E8	0.0
2.492273505E8	0.0
2.493246215E8	0.0
2.493781395E8	0.0
2.494193325E8	0.0
2.49528459E8	0.0
2.49636853E8	0.0
2.49678084E8	0.0
2.525369325E8	0.0
2.592442395E8	0.0
2.669828735E8	0.0
2.747215075E8	0.0
2.824601415E8	0.0
2.901987755E8	0.0
2.979374095E8	0.0
3.056760435E8	0.0
3.134146775E8	0.0
3.211533115E8	0.0
3.288919455E8	0.0
3.366305795E8	0.0
3.443692135E8	0.0
3.521078475E8	0.0
3.598464815E8	0.0
3.675851155E8	0.0
3.753237495E8	0.0
3.830623835E8	0.0
3.908010175E8	0.0
3.985396515E8	0.0
4.062782855E8	0.0
4.140169195E8	0.0
4.217555535E8	0.0
4.294941875E8	0.0
4.372328215E8	0.0
4.449714555E8	0.0
4.527100895E8	0.0
4.604487235E8	0.0
4.681873575E8	0.0
4.759259915E8	0.0
4.836646255E8	0.0
4.89713207E8	0.0
4.91973207E8	0.0
4.92130842E8	0.0
4.93740159E8	0.0
4.991418935E8	0.0
5.068805275E8	0.0
5.146191615E8	0.0
5.223577955E8	0.0
5.300964295E8	0.0
5.378350635E8	0.0
5.455736975E8	0.0
5.533123315E8	0.0
5.610509655E8	0.0
5.687895995E8	0.0
5.765282335E8	0.0
5.842668675E8	0.0
5.920055015E8	0.0
5.997441355E8	0.0
6.074827695E8	0.0
6.152214035E8	0.0
6.229600375E8	0.0
6.306986715E8	0.0
6.384373055E8	0.0
6.461759395E8	0.0
6.539145735E8	0.0
6.616532075E8	0.0
6.693918415E8	0.0
6.771304755E8	0.0
6.848691095E8	0.0
6.896208635E8	0.0
6.90580999E8	0.0
6.93567879E8	0.0
7.003463775E8	0.0
7.080850115E8	0.0
7.158236455E8	0.0
7.235622795E8	0.0
7.313009135E8	0.0
7.390395475E8	0.0
7.467781815E8	0.0
7.545168155E8	0.0
7.622554495E8	0.0
7.699940835E8	0.0
7.777327175E8	0.0
7.854713515E8	0.0
7.932099855E8	0.0
8.009486195E8	0.0
8.086872535E8	0.0
8.164258875E8	0.0
8.241645215E8	0.0
8.319031555E8	0.0
8.396417895E8	0.0
8.473804235E8	0.0
8.551190575E8	0.0
8.628576915E8	0.0
8.705963255E8	0.0
8.776694475E8	0.0
8.80978107E8	0.0
8.81643619E8	0.0
8.860735935E8	0.0
8.938122275E8	0.0
9.015508615E8	0.0
9.092894955E8	0.0
9.170281295E8	0.0
9.247667635E8	0.0
9.325053975E8	0.0
9.402440315E8	0.0
9.479826655E8	0.0
9.557212995E8	0.0
9.634599335E8	0.0
9.711985675E8	0.0
9.789372015E8	0.0
9.866758355E8	0.0
9.944144695E8	0.0
1.0021531035E9	0.0
1.0098917375E9	0.0
1.0176303715E9	0.0
1.0253690055E9	0.0
1.0331076395E9	0.0
1.0408462735E9	0.0
1.0485849075E9	0.0
1.0563235415E9	0.0
1.0614070395E9	0.0
1.062667565E9	0.0
1.065322701E9	0.0
1.0718008095E9	0.0
1.0795394435E9	0.0
1.0872780775E9	0.0
1.0950167115E9	0.0
1.1027553455E9	0.0
1.1104939795E9	0.0
1.1182326135E9	0.0
1.1259712475E9	0.0
1.1337098815E9	0.0
1.1414485155E9	0.0
1.1491871495E9	0.0
1.1569257835E9	0.0
1.1646644175E9	0.0
1.1724030515E9	0.0
1.1801416855E9	0.0
1.1878803195E9	0.0
1.1956189535E9	0.0
1.2033575875E9	0.0
1.2110962215E9	0.0
1.2188348555E9	0.0
1.2265734895E9	0.0
1.2319813475E9	0.0
1.2358506645E9	0.0
1.2420507575E9	0.0
1.2497893915E9	0.0
1.2575280255E9	0.0
1.2652666595E9	0.0
1.2730052935E9	0.0
1.2807439275E9	0.0
1.2884825615E9	0.0
1.2962211955E9	0.0
1.3039598295E9	0.0
1.3116984635E9	0.0
1.3194370975E9	0.0
1.3271757315E9	0.0
1.3349143655E9	0.0
1.3426529995E9	0.0
1.3503916335E9	0.0
1.3581302675E9	0.0
1.3658689015E9	0.0
1.3736075355E9	0.0
1.3813461695E9	0.0
1.389040674E9	0.0
1.392909991E9	0.0
1.3968234375E9	0.0
1.4045620715E9	0.0
1.4123007055E9	0.0
1.4200393395E9	0.0
1.4277779735E9	0.0
1.4355166075E9	0.0
1.4432552415E9	0.0
1.4509938755E9	0.0
1.4587325095E9	0.0
1.4664711435E9	0.0
1.4742097775E9	0.0
1.4819484115E9	0.0
1.4896870455E9	0.0
1.4974256795E9	0.0
1.5051643135E9	0.0
1.5129029475E9	0.0
1.5206415815E9	0.0
1.5283802155E9	0.0
1.535127015E9	0.0
1.538996332E9	0.0
1.5438574835E9	0.0
1.5515961175E9	0.0
1.5593347515E9	0.0
1.5670733855E9	0.0
1.5748120195E9	0.0
1.5825506535E9	0.0
1.5902892875E9	0.0
1.5980279215E9	0.0
1.6057665555E9	0.0
1.6135051895E9	0.0
1.6212438235E9	0.0
1.6289824575E9	0.0
1.6367210915E9	0.0
1.6444597255E9	0.0
1.6521983595E9	0.0
1.6599369935E9	0.0
1.6676756275E9	0.0
1.6739720795E9	0.0
1.6764192455E9	0.0
1.6764583035E9	0.0
1.676565753E9	0.0
1.6766737005E9	0.0
1.677988402E9	0.0
1.6831528955E9	0.0
1.6908915295E9	0.0
1.6986301635E9	0.0
1.7063687975E9	0.0
1.7141074315E9	0.0
1.7218460655E9	0.0
1.7295846995E9	0.0
1.7373233335E9	0.0
1.7450619675E9	0.0
1.7528006015E9	0.0
1.7605392355E9	0.0
1.7682778695E9	0.0
1.7760165035E9	0.0
1.7837551375E9	0.0
1.7914937715E9	0.0
1.7992324055E9	0.0
1.806796185E9	0.0
1.810584805E9	0.0
1.8107596595E9	0.0
1.8147096735E9	0.0
1.8224483075E9	0.0
1.8301869415E9	0.0
1.8379255755E9	0.0
1.8456642095E9	0.0
1.8534028435E9	0.0
1.8611414775E9	0.0
1.8688801115E9	0.0
1.8766187455E9	0.0
1.8843573795E9	0.0
1.8920960135E9	0.0
1.8998346475E9	0.0
1.9075732815E9	0.0
1.9153119155E9	0.0
1.9230505495E9	0.0
1.9307891835E9	0.0
1.9385278175E9	0.0
1.9440813595E9	0.0
1.9458157425E9	0.0
1.9480008345E9	0.0
1.9540050855E9	0.0
1.9617437195E9	0.0
1.9694823535E9	0.0
1.9772209875E9	0.0
1.9849596215E9	0.0
1.9926982555E9	0.0
2.0004368895E9	0.0
2.0081755235E9	0.0
2.0159141575E9	0.0
2.0236527915E9	0.0
2.0313914255E9	0.0
2.0391300595E9	0.0
2.0468686935E9	0.0
2.0546073275E9	0.0
2.0623459615E9	0.0
2.0700845955E9	0.0
2.076547561E9	0.0
2.080416878E9	0.0
2.0855618635E9	0.0
2.0933004975E9	0.0
2.1010391315E9	0.0
2.1087777655E9	0.0
2.1165163995E9	0.0
2.1242550335E9	0.0
2.1319936675E9	0.0
2.1397323015E9	0.0
2.1474709355E9	0.0
2.1552095695E9	0.0
2.1629482035E9	0.0
2.1706868375E9	0.0
2.1784254715E9	0.0
2.1861641055E9	0.0
2.19176948E9	0.0
2.195638797E9	0.0
2.2016413735E9	0.0
2.2093800075E9	0.0
2.2171186415E9	0.0
2.2248572755E9	0.0
2.2325959095E9	0.0
2.2403345435E9	0.0
2.2480731775E9	0.0
2.2558118115E9	0.0
2.2635504455E9	0.0
2.2712890795E9	0.0
2.2790277135E9	0.0
2.2867663475E9	0.0
2.2945049815E9	0.0
2.299461777E9	0.0
2.30065011E9	0.0
2.300846699E9	0.0
2.30104802E9	0.0
2.3012506315E9	0.0
2.301366714E9	0.0
2.301405549E9	0.0
2.3015117315E9	0.0
2.301620006E9	0.0
2.303877404E9	0.0
2.3099822495E9	0.0
2.3177208835E9	0.0
2.3254595175E9	0.0
2.3331981515E9	0.0
2.3409367855E9	0.0
2.3486754195E9	0.0
2.3564140535E9	0.0
2.3641526875E9	0.0
2.3718913215E9	0.0
2.3796299555E9	0.0
2.3873685895E9	0.0
2.3951072235E9	0.0
2.4013048025E9	0.0
2.4038571885E9	0.0
2.4053982435E9	0.0
2.4105844915E9	0.0
2.4183231255E9	0.0
2.4260617595E9	0.0
2.4338003935E9	0.0
2.4415390275E9	0.0
2.4492776615E9	0.0
2.4570162955E9	0.0
2.4647549295E9	0.0
2.4724935635E9	0.0
2.4802321975E9	0.0
2.4879708315E9	0.0
2.493129903E9	0.0
2.495356037E9	0.0
2.4979355995E9	0.0
2.5034480995E9	0.0
2.5111867335E9	0.0
2.5189253675E9	0.0
2.5266640015E9	0.0
2.5344026355E9	0.0
2.5421412695E9	0.0
2.5498799035E9	0.0
2.5576185375E9	0.0
2.5653571715E9	0.0
2.5730958055E9	0.0
2.57825749E9	0.0
2.579642653E9	0.0
2.579875868E9	0.0
2.580072563E9	0.0
2.5824162975E9	0.0
2.5885730735E9	0.0
2.5963117075E9	0.0
2.6040503415E9	0.0
2.6117889755E9	0.0
2.6195276095E9	0.0
2.6272662435E9	0.0
2.6350048775E9	0.0
2.6427435115E9	0.0
2.6504821455E9	0.0
2.657426793E9	0.0
2.66129611E9	0.0
2.6659594135E9	0.0
2.6736980475E9	0.0
2.6814366815E9	0.0
2.6891753155E9	0.0
2.6969139495E9	0.0
2.7046525835E9	0.0
2.7123912175E9	0.0
2.717690137E9	0.0
2.721559454E9	0.0
2.7278684855E9	0.0
2.7356071195E9	0.0
2.7433457535E9	0.0
2.7510843875E9	0.0
2.7588230215E9	0.0
2.7665616555E9	0.0
2.7743002895E9	0.0
2.7808667565E9	0.0
2.7847360735E9	0.0
2.7897775575E9	0.0
2.7975161915E9	0.0
2.8052548255E9	0.0
2.8129934595E9	0.0
2.8207320935E9	0.0
2.82743765E9	0.0
2.831306967E9	0.0
2.8362093615E9	0.0
2.8439479955E9	0.0
2.8516866295E9	0.0
2.8594252635E9	0.0
2.8671638975E9	0.0
2.8749025315E9	0.0
2.879932103E9	0.0
2.8811677345E9	0.0
2.881263883E9	0.0
2.8813745405E9	0.0
2.8815469515E9	0.0
2.881650882E9	0.0
2.8817632475E9	0.0
2.8819061265E9	0.0
2.882007733E9	0.0
2.882094413E9	0.0
2.88213969E9	54.61838189501517
2.8843292285E9	0.0
2.8903797995E9	0.0
2.8981184335E9	0.0
2.9058570675E9	0.0
2.9135957015E9	0.0
2.9213343355E9	0.0
2.9290729695E9	0.0
2.9368116035E9	0.0
2.9445502375E9	0.0
2.9522888715E9	0.0
2.9600275055E9	0.0
2.9677661395E9	0.0
2.9755047735E9	0.0
2.9832434075E9	0.0
2.9909820415E9	0.0
2.9987206755E9	0.0
3.0064593095E9	0.0
3.0141979435E9	0.0
3.0219365775E9	0.0
3.0296752115E9	0.0
3.035866699E9	0.0
3.039736016E9	0.06640321998053032
3.0451524795E9	7.519748545938026
3.0528911135E9	11.862407533461875
3.0606297475E9	1.2018564191441141
3.0683683815E9	9.846126281086505
3.0761070155E9	0.0
3.0838456495E9	0.0
3.0915656255E9	28.140350992351973
3.0954349045E9	0.0
